prompt_id,beat_id,start,end,duration_seconds,asset_class,references,model,variant,quality,resolution,aspect_ratio,count,preflight_cost_credits,provenance,prompt,status
SAT-GEN001,SAT-B002,00:00:07.420,00:00:18.360,10.94,AI_RECONSTRUCTION,R01+R03,gpt_image_2_5,flare,low,1k,16:9,1,0.25,AI RECONSTRUCTION,"wide elevated establishing composition. Focus on the less-complete Project Five construction zone: partial foundations, incomplete structural work, stored materials, and stopped activity, without borrowing Project Three's advanced structures. The exact narration beat is: Their histories are not. One belonged to Washington Nuclear Project Five. That project was about fourteen percent complete when it was terminated in 1982. Interpret the beat literally and economically; one dominant visual idea, one secondary layer at most, and a composition materially different from neighboring beats. Hidden Industrial America visual canon. Cinematic 16:9 industrial documentary AI reconstruction, historically grounded and serious, naturalistic western Washington light, restrained charcoal / iron / warm-paper / faded-rust / blueprint-gray-blue grade. The Satsop nuclear projects were never fueled and never operated: no active reactor, no nuclear glow, no steam plume implying operation, no radioactive-hazard spectacle, no completed control room, and no finished plant passed off as real history. Preserve Project Three versus Project Five identity from supplied references. Do not invent readable logos, dates, signs, gauges, documents, technical labels, or named people. No faux archive border, scratches, dust, sepia, horror, neon, glossy concept art, or disaster-movie treatment. Use physically plausible concrete, steel, cranes, roads, transmission equipment, weather, clothing, and construction methods for the stated period. Keep the lower 15 percent and lower center quiet and low-detail for subtitles; keep faces, essential machinery, maps, and key action above it. No on-image title text. Production metadata and the edit must label the generated layer AI RECONSTRUCTION for its complete on-screen duration.",COST PREFLIGHT PASS — NOT GENERATED
SAT-GEN002,SAT-B003,00:00:18.360,00:00:30.600,12.24,AI_RECONSTRUCTION,R01,gpt_image_2_5,flare,low,1k,16:9,1,0.25,AI RECONSTRUCTION,"ground-level three-quarter composition with strong human scale. Show Project Three as substantially built from the outside yet visibly incomplete: cooling tower, major buildings, open construction areas, unfinished connections, and no operational signs. The exact narration beat is: The other served Washington Nuclear Project Three. That project reached seventy-four percent physical completion and remained preserved for possible completion until 1994. Interpret the beat literally and economically; one dominant visual idea, one secondary layer at most, and a composition materially different from neighboring beats. Hidden Industrial America visual canon. Cinematic 16:9 industrial documentary AI reconstruction, historically grounded and serious, naturalistic western Washington light, restrained charcoal / iron / warm-paper / faded-rust / blueprint-gray-blue grade. The Satsop nuclear projects were never fueled and never operated: no active reactor, no nuclear glow, no steam plume implying operation, no radioactive-hazard spectacle, no completed control room, and no finished plant passed off as real history. Preserve Project Three versus Project Five identity from supplied references. Do not invent readable logos, dates, signs, gauges, documents, technical labels, or named people. No faux archive border, scratches, dust, sepia, horror, neon, glossy concept art, or disaster-movie treatment. Use physically plausible concrete, steel, cranes, roads, transmission equipment, weather, clothing, and construction methods for the stated period. Keep the lower 15 percent and lower center quiet and low-detail for subtitles; keep faces, essential machinery, maps, and key action above it. No on-image title text. Production metadata and the edit must label the generated layer AI RECONSTRUCTION for its complete on-screen duration.",COST PREFLIGHT PASS — NOT GENERATED
SAT-GEN003,SAT-B004,00:00:30.600,00:00:38.040,7.44,AI_RECONSTRUCTION_MAP,R01+R02,gpt_image_2_5,flare,low,1k,16:9,1,0.25,AI RECONSTRUCTION,"medium-wide lateral composition with layered foreground machinery. Create a clean generated aerial/site context of Satsop with forests, roads, towers, and unfinished plant zones; factual unit boundaries and labels will be supplied only by the authenticated vector overlay. The exact narration beat is: Neither project produced commercial electricity. The site was never fueled. Interpret the beat literally and economically; one dominant visual idea, one secondary layer at most, and a composition materially different from neighboring beats. Hidden Industrial America visual canon. Cinematic 16:9 industrial documentary AI reconstruction, historically grounded and serious, naturalistic western Washington light, restrained charcoal / iron / warm-paper / faded-rust / blueprint-gray-blue grade. The Satsop nuclear projects were never fueled and never operated: no active reactor, no nuclear glow, no steam plume implying operation, no radioactive-hazard spectacle, no completed control room, and no finished plant passed off as real history. Preserve Project Three versus Project Five identity from supplied references. Do not invent readable logos, dates, signs, gauges, documents, technical labels, or named people. No faux archive border, scratches, dust, sepia, horror, neon, glossy concept art, or disaster-movie treatment. Use physically plausible concrete, steel, cranes, roads, transmission equipment, weather, clothing, and construction methods for the stated period. Keep the lower 15 percent and lower center quiet and low-detail for subtitles; keep faces, essential machinery, maps, and key action above it. No on-image title text. Production metadata and the edit must label the generated layer AI RECONSTRUCTION for its complete on-screen duration.",COST PREFLIGHT PASS — NOT GENERATED
SAT-GEN004,SAT-B005,00:00:38.040,00:00:53.800,15.76,AI_RECONSTRUCTION_MAP,R01+R02+R03+R04,gpt_image_2_5,flare,low,1k,16:9,1,0.25,AI RECONSTRUCTION,"long-lens compressed industrial composition. Show a specific Satsop construction operation with period cranes, rebar cages, formwork, concrete pours, and a small crew for scale; the plant remains incomplete and the equipment follows 1970s–early-1980s practice. The exact narration beat is: So the mystery is not simply why Satsop was unfinished. It is why two reactor projects, built side by side, died twelve years apart — and why seventy-four percent complete was still too expensive to finish. Interpret the beat literally and economically; one dominant visual idea, one secondary layer at most, and a composition materially different from neighboring beats. Hidden Industrial America visual canon. Cinematic 16:9 industrial documentary AI reconstruction, historically grounded and serious, naturalistic western Washington light, restrained charcoal / iron / warm-paper / faded-rust / blueprint-gray-blue grade. The Satsop nuclear projects were never fueled and never operated: no active reactor, no nuclear glow, no steam plume implying operation, no radioactive-hazard spectacle, no completed control room, and no finished plant passed off as real history. Preserve Project Three versus Project Five identity from supplied references. Do not invent readable logos, dates, signs, gauges, documents, technical labels, or named people. No faux archive border, scratches, dust, sepia, horror, neon, glossy concept art, or disaster-movie treatment. Use physically plausible concrete, steel, cranes, roads, transmission equipment, weather, clothing, and construction methods for the stated period. Keep the lower 15 percent and lower center quiet and low-detail for subtitles; keep faces, essential machinery, maps, and key action above it. No on-image title text. Production metadata and the edit must label the generated layer AI RECONSTRUCTION for its complete on-screen duration.",COST PREFLIGHT PASS — NOT GENERATED
SAT-GEN005,SAT-B006,00:00:53.800,00:01:02.800,9.0,AI_RECONSTRUCTION,R01+R03,gpt_image_2_5,flare,low,1k,16:9,1,0.25,AI RECONSTRUCTION,"high oblique site composition. Create a concrete historical-industrial scene that makes this narration visually legible through people, structures, machinery, weather, and spatial relationships rather than written text. The exact narration beat is: On January 22, 1982, the Washington Public Power Supply System terminated Nuclear Projects Four and Five. Interpret the beat literally and economically; one dominant visual idea, one secondary layer at most, and a composition materially different from neighboring beats. Hidden Industrial America visual canon. Cinematic 16:9 industrial documentary AI reconstruction, historically grounded and serious, naturalistic western Washington light, restrained charcoal / iron / warm-paper / faded-rust / blueprint-gray-blue grade. The Satsop nuclear projects were never fueled and never operated: no active reactor, no nuclear glow, no steam plume implying operation, no radioactive-hazard spectacle, no completed control room, and no finished plant passed off as real history. Preserve Project Three versus Project Five identity from supplied references. Do not invent readable logos, dates, signs, gauges, documents, technical labels, or named people. No faux archive border, scratches, dust, sepia, horror, neon, glossy concept art, or disaster-movie treatment. Use physically plausible concrete, steel, cranes, roads, transmission equipment, weather, clothing, and construction methods for the stated period. Keep the lower 15 percent and lower center quiet and low-detail for subtitles; keep faces, essential machinery, maps, and key action above it. No on-image title text. Production metadata and the edit must label the generated layer AI RECONSTRUCTION for its complete on-screen duration.",COST PREFLIGHT PASS — NOT GENERATED
SAT-GEN006,SAT-B011,00:01:39.380,00:01:53.080,13.7,AI_RECONSTRUCTION,R01,gpt_image_2_5,flare,low,1k,16:9,1,0.25,AI RECONSTRUCTION,"low architectural composition emphasizing concrete mass. Focus on the less-complete Project Five construction zone: partial foundations, incomplete structural work, stored materials, and stopped activity, without borrowing Project Three's advanced structures. The exact narration beat is: Project Five itself was only about fourteen percent complete. The physical project advanced. The estimate for completing Projects Four and Five had already moved far beyond the original combined plan. Interpret the beat literally and economically; one dominant visual idea, one secondary layer at most, and a composition materially different from neighboring beats. Hidden Industrial America visual canon. Cinematic 16:9 industrial documentary AI reconstruction, historically grounded and serious, naturalistic western Washington light, restrained charcoal / iron / warm-paper / faded-rust / blueprint-gray-blue grade. The Satsop nuclear projects were never fueled and never operated: no active reactor, no nuclear glow, no steam plume implying operation, no radioactive-hazard spectacle, no completed control room, and no finished plant passed off as real history. Preserve Project Three versus Project Five identity from supplied references. Do not invent readable logos, dates, signs, gauges, documents, technical labels, or named people. No faux archive border, scratches, dust, sepia, horror, neon, glossy concept art, or disaster-movie treatment. Use physically plausible concrete, steel, cranes, roads, transmission equipment, weather, clothing, and construction methods for the stated period. Keep the lower 15 percent and lower center quiet and low-detail for subtitles; keep faces, essential machinery, maps, and key action above it. No on-image title text. Production metadata and the edit must label the generated layer AI RECONSTRUCTION for its complete on-screen duration.",COST PREFLIGHT PASS — NOT GENERATED
SAT-GEN007,SAT-B012,00:01:53.080,00:02:02.480,9.4,AI_RECONSTRUCTION,R01+R03+R05,gpt_image_2_5,flare,low,1k,16:9,1,0.25,AI RECONSTRUCTION,"restrained interior-to-exterior composition. Show a specific Satsop construction operation with period cranes, rebar cages, formwork, concrete pours, and a small crew for scale; the plant remains incomplete and the equipment follows 1970s–early-1980s practice. The exact narration beat is: But this was not just a construction problem. It was a promise to pay. To see how the region reached that point, rewind sixteen years. Interpret the beat literally and economically; one dominant visual idea, one secondary layer at most, and a composition materially different from neighboring beats. Hidden Industrial America visual canon. Cinematic 16:9 industrial documentary AI reconstruction, historically grounded and serious, naturalistic western Washington light, restrained charcoal / iron / warm-paper / faded-rust / blueprint-gray-blue grade. The Satsop nuclear projects were never fueled and never operated: no active reactor, no nuclear glow, no steam plume implying operation, no radioactive-hazard spectacle, no completed control room, and no finished plant passed off as real history. Preserve Project Three versus Project Five identity from supplied references. Do not invent readable logos, dates, signs, gauges, documents, technical labels, or named people. No faux archive border, scratches, dust, sepia, horror, neon, glossy concept art, or disaster-movie treatment. Use physically plausible concrete, steel, cranes, roads, transmission equipment, weather, clothing, and construction methods for the stated period. Keep the lower 15 percent and lower center quiet and low-detail for subtitles; keep faces, essential machinery, maps, and key action above it. No on-image title text. Production metadata and the edit must label the generated layer AI RECONSTRUCTION for its complete on-screen duration.",COST PREFLIGHT PASS — NOT GENERATED
SAT-GEN008,SAT-B015,00:02:22.220,00:02:35.380,13.16,AI_RECONSTRUCTION,R01,gpt_image_2_5,flare,low,1k,16:9,1,0.25,AI RECONSTRUCTION,"asymmetrical wide composition with negative space. Construct a period planning-room and multi-site infrastructure montage in one coherent scene: maps, scale models, engineers, and five-project ambition, with all readable data reserved for later editorial overlays. The exact narration beat is: In 1969, that effort adopted a plan calling for several large thermal plants. the Supply System moved from a small organization into a builder of five nuclear projects. Interpret the beat literally and economically; one dominant visual idea, one secondary layer at most, and a composition materially different from neighboring beats. Hidden Industrial America visual canon. Cinematic 16:9 industrial documentary AI reconstruction, historically grounded and serious, naturalistic western Washington light, restrained charcoal / iron / warm-paper / faded-rust / blueprint-gray-blue grade. The Satsop nuclear projects were never fueled and never operated: no active reactor, no nuclear glow, no steam plume implying operation, no radioactive-hazard spectacle, no completed control room, and no finished plant passed off as real history. Preserve Project Three versus Project Five identity from supplied references. Do not invent readable logos, dates, signs, gauges, documents, technical labels, or named people. No faux archive border, scratches, dust, sepia, horror, neon, glossy concept art, or disaster-movie treatment. Use physically plausible concrete, steel, cranes, roads, transmission equipment, weather, clothing, and construction methods for the stated period. Keep the lower 15 percent and lower center quiet and low-detail for subtitles; keep faces, essential machinery, maps, and key action above it. No on-image title text. Production metadata and the edit must label the generated layer AI RECONSTRUCTION for its complete on-screen duration.",COST PREFLIGHT PASS — NOT GENERATED
SAT-GEN009,SAT-B016,00:02:35.380,00:02:45.170,9.79,AI_RECONSTRUCTION,R01,gpt_image_2_5,flare,low,1k,16:9,1,0.25,AI RECONSTRUCTION,"wide elevated establishing composition. Create a concrete historical-industrial scene that makes this narration visually legible through people, structures, machinery, weather, and spatial relationships rather than written text. The exact narration beat is: Before 1968 it had fewer than one hundred employees. By March 1979, it had 1,471. Interpret the beat literally and economically; one dominant visual idea, one secondary layer at most, and a composition materially different from neighboring beats. Hidden Industrial America visual canon. Cinematic 16:9 industrial documentary AI reconstruction, historically grounded and serious, naturalistic western Washington light, restrained charcoal / iron / warm-paper / faded-rust / blueprint-gray-blue grade. The Satsop nuclear projects were never fueled and never operated: no active reactor, no nuclear glow, no steam plume implying operation, no radioactive-hazard spectacle, no completed control room, and no finished plant passed off as real history. Preserve Project Three versus Project Five identity from supplied references. Do not invent readable logos, dates, signs, gauges, documents, technical labels, or named people. No faux archive border, scratches, dust, sepia, horror, neon, glossy concept art, or disaster-movie treatment. Use physically plausible concrete, steel, cranes, roads, transmission equipment, weather, clothing, and construction methods for the stated period. Keep the lower 15 percent and lower center quiet and low-detail for subtitles; keep faces, essential machinery, maps, and key action above it. No on-image title text. Production metadata and the edit must label the generated layer AI RECONSTRUCTION for its complete on-screen duration.",COST PREFLIGHT PASS — NOT GENERATED
SAT-GEN010,SAT-B017,00:02:45.170,00:03:01.300,16.13,AI_RECONSTRUCTION,R01,gpt_image_2_5,flare,low,1k,16:9,1,0.25,AI RECONSTRUCTION,"ground-level three-quarter composition with strong human scale. Construct a period planning-room and multi-site infrastructure montage in one coherent scene: maps, scale models, engineers, and five-project ambition, with all readable data reserved for later editorial overlays. The exact narration beat is: This was not one isolated plant running over budget. It was an entire portfolio competing for engineering, contractors, equipment, regulatory attention, and financing at the same time. Interpret the beat literally and economically; one dominant visual idea, one secondary layer at most, and a composition materially different from neighboring beats. Hidden Industrial America visual canon. Cinematic 16:9 industrial documentary AI reconstruction, historically grounded and serious, naturalistic western Washington light, restrained charcoal / iron / warm-paper / faded-rust / blueprint-gray-blue grade. The Satsop nuclear projects were never fueled and never operated: no active reactor, no nuclear glow, no steam plume implying operation, no radioactive-hazard spectacle, no completed control room, and no finished plant passed off as real history. Preserve Project Three versus Project Five identity from supplied references. Do not invent readable logos, dates, signs, gauges, documents, technical labels, or named people. No faux archive border, scratches, dust, sepia, horror, neon, glossy concept art, or disaster-movie treatment. Use physically plausible concrete, steel, cranes, roads, transmission equipment, weather, clothing, and construction methods for the stated period. Keep the lower 15 percent and lower center quiet and low-detail for subtitles; keep faces, essential machinery, maps, and key action above it. No on-image title text. Production metadata and the edit must label the generated layer AI RECONSTRUCTION for its complete on-screen duration.",COST PREFLIGHT PASS — NOT GENERATED
SAT-GEN011,SAT-B019,00:03:10.260,00:03:23.280,13.02,AI_RECONSTRUCTION,R01,gpt_image_2_5,flare,low,1k,16:9,1,0.25,AI RECONSTRUCTION,"medium-wide lateral composition with layered foreground machinery. Create a concrete historical-industrial scene that makes this narration visually legible through people, structures, machinery, weather, and spatial relationships rather than written text. The exact narration beat is: By July 1976, eighty-eight customers of the Bonneville Power Administration and one private utility had become participants in Projects Four and Five. Interpret the beat literally and economically; one dominant visual idea, one secondary layer at most, and a composition materially different from neighboring beats. Hidden Industrial America visual canon. Cinematic 16:9 industrial documentary AI reconstruction, historically grounded and serious, naturalistic western Washington light, restrained charcoal / iron / warm-paper / faded-rust / blueprint-gray-blue grade. The Satsop nuclear projects were never fueled and never operated: no active reactor, no nuclear glow, no steam plume implying operation, no radioactive-hazard spectacle, no completed control room, and no finished plant passed off as real history. Preserve Project Three versus Project Five identity from supplied references. Do not invent readable logos, dates, signs, gauges, documents, technical labels, or named people. No faux archive border, scratches, dust, sepia, horror, neon, glossy concept art, or disaster-movie treatment. Use physically plausible concrete, steel, cranes, roads, transmission equipment, weather, clothing, and construction methods for the stated period. Keep the lower 15 percent and lower center quiet and low-detail for subtitles; keep faces, essential machinery, maps, and key action above it. No on-image title text. Production metadata and the edit must label the generated layer AI RECONSTRUCTION for its complete on-screen duration.",COST PREFLIGHT PASS — NOT GENERATED
SAT-GEN012,SAT-B021,00:03:30.930,00:03:39.580,8.65,AI_RECONSTRUCTION,R01,gpt_image_2_5,flare,low,1k,16:9,1,0.25,AI RECONSTRUCTION,"long-lens compressed industrial composition. Create a concrete historical-industrial scene that makes this narration visually legible through people, structures, machinery, weather, and spatial relationships rather than written text. The exact narration beat is: Its meaning was painfully clear. Participants were required to pay their share whether the plants were completed, operable, or operating. Interpret the beat literally and economically; one dominant visual idea, one secondary layer at most, and a composition materially different from neighboring beats. Hidden Industrial America visual canon. Cinematic 16:9 industrial documentary AI reconstruction, historically grounded and serious, naturalistic western Washington light, restrained charcoal / iron / warm-paper / faded-rust / blueprint-gray-blue grade. The Satsop nuclear projects were never fueled and never operated: no active reactor, no nuclear glow, no steam plume implying operation, no radioactive-hazard spectacle, no completed control room, and no finished plant passed off as real history. Preserve Project Three versus Project Five identity from supplied references. Do not invent readable logos, dates, signs, gauges, documents, technical labels, or named people. No faux archive border, scratches, dust, sepia, horror, neon, glossy concept art, or disaster-movie treatment. Use physically plausible concrete, steel, cranes, roads, transmission equipment, weather, clothing, and construction methods for the stated period. Keep the lower 15 percent and lower center quiet and low-detail for subtitles; keep faces, essential machinery, maps, and key action above it. No on-image title text. Production metadata and the edit must label the generated layer AI RECONSTRUCTION for its complete on-screen duration.",COST PREFLIGHT PASS — NOT GENERATED
SAT-GEN013,SAT-B023,00:03:53.240,00:04:01.980,8.74,AI_RECONSTRUCTION,R01+R05,gpt_image_2_5,flare,low,1k,16:9,1,0.25,AI RECONSTRUCTION,"high oblique site composition. Create a concrete historical-industrial scene that makes this narration visually legible through people, structures, machinery, weather, and spatial relationships rather than written text. The exact narration beat is: GAO reported that rate increases would be required to service the debt. Utilities and ratepayers went to court. Interpret the beat literally and economically; one dominant visual idea, one secondary layer at most, and a composition materially different from neighboring beats. Hidden Industrial America visual canon. Cinematic 16:9 industrial documentary AI reconstruction, historically grounded and serious, naturalistic western Washington light, restrained charcoal / iron / warm-paper / faded-rust / blueprint-gray-blue grade. The Satsop nuclear projects were never fueled and never operated: no active reactor, no nuclear glow, no steam plume implying operation, no radioactive-hazard spectacle, no completed control room, and no finished plant passed off as real history. Preserve Project Three versus Project Five identity from supplied references. Do not invent readable logos, dates, signs, gauges, documents, technical labels, or named people. No faux archive border, scratches, dust, sepia, horror, neon, glossy concept art, or disaster-movie treatment. Use physically plausible concrete, steel, cranes, roads, transmission equipment, weather, clothing, and construction methods for the stated period. Keep the lower 15 percent and lower center quiet and low-detail for subtitles; keep faces, essential machinery, maps, and key action above it. No on-image title text. Production metadata and the edit must label the generated layer AI RECONSTRUCTION for its complete on-screen duration.",COST PREFLIGHT PASS — NOT GENERATED
SAT-GEN014,SAT-B024,00:04:01.980,00:04:09.640,7.66,AI_RECONSTRUCTION,R01,gpt_image_2_5,flare,low,1k,16:9,1,0.25,AI RECONSTRUCTION,"low architectural composition emphasizing concrete mass. Create a concrete historical-industrial scene that makes this narration visually legible through people, structures, machinery, weather, and spatial relationships rather than written text. The exact narration beat is: The question was no longer only whether the projects should continue. It was who would carry the bill after they stopped. Interpret the beat literally and economically; one dominant visual idea, one secondary layer at most, and a composition materially different from neighboring beats. Hidden Industrial America visual canon. Cinematic 16:9 industrial documentary AI reconstruction, historically grounded and serious, naturalistic western Washington light, restrained charcoal / iron / warm-paper / faded-rust / blueprint-gray-blue grade. The Satsop nuclear projects were never fueled and never operated: no active reactor, no nuclear glow, no steam plume implying operation, no radioactive-hazard spectacle, no completed control room, and no finished plant passed off as real history. Preserve Project Three versus Project Five identity from supplied references. Do not invent readable logos, dates, signs, gauges, documents, technical labels, or named people. No faux archive border, scratches, dust, sepia, horror, neon, glossy concept art, or disaster-movie treatment. Use physically plausible concrete, steel, cranes, roads, transmission equipment, weather, clothing, and construction methods for the stated period. Keep the lower 15 percent and lower center quiet and low-detail for subtitles; keep faces, essential machinery, maps, and key action above it. No on-image title text. Production metadata and the edit must label the generated layer AI RECONSTRUCTION for its complete on-screen duration.",COST PREFLIGHT PASS — NOT GENERATED
SAT-GEN015,SAT-B025,00:04:09.640,00:04:20.880,11.24,AI_RECONSTRUCTION,R01+R03,gpt_image_2_5,flare,low,1k,16:9,1,0.25,AI RECONSTRUCTION,"restrained interior-to-exterior composition. Use a physical institutional scene rather than fake paperwork: period utility boardroom, bond/contract folders without readable text, regional power map, and participants connected through restrained editorial lines added later. The exact narration beat is: On July 22, 1983, the Project Four and Five bonds went into default. That is the famous the Supply System financial collapse. Interpret the beat literally and economically; one dominant visual idea, one secondary layer at most, and a composition materially different from neighboring beats. Hidden Industrial America visual canon. Cinematic 16:9 industrial documentary AI reconstruction, historically grounded and serious, naturalistic western Washington light, restrained charcoal / iron / warm-paper / faded-rust / blueprint-gray-blue grade. The Satsop nuclear projects were never fueled and never operated: no active reactor, no nuclear glow, no steam plume implying operation, no radioactive-hazard spectacle, no completed control room, and no finished plant passed off as real history. Preserve Project Three versus Project Five identity from supplied references. Do not invent readable logos, dates, signs, gauges, documents, technical labels, or named people. No faux archive border, scratches, dust, sepia, horror, neon, glossy concept art, or disaster-movie treatment. Use physically plausible concrete, steel, cranes, roads, transmission equipment, weather, clothing, and construction methods for the stated period. Keep the lower 15 percent and lower center quiet and low-detail for subtitles; keep faces, essential machinery, maps, and key action above it. No on-image title text. Production metadata and the edit must label the generated layer AI RECONSTRUCTION for its complete on-screen duration.",COST PREFLIGHT PASS — NOT GENERATED
SAT-GEN016,SAT-B026,00:04:20.880,00:04:31.760,10.88,AI_RECONSTRUCTION_MAP,R01+R02,gpt_image_2_5,flare,low,1k,16:9,1,0.25,AI RECONSTRUCTION,"asymmetrical wide composition with negative space. Create a clean generated aerial/site context of Satsop with forests, roads, towers, and unfinished plant zones; factual unit boundaries and labels will be supplied only by the authenticated vector overlay. The exact narration beat is: And yet the neighboring project at Satsop did not end with it. To understand why, the two towers have to be separated financially. Interpret the beat literally and economically; one dominant visual idea, one secondary layer at most, and a composition materially different from neighboring beats. Hidden Industrial America visual canon. Cinematic 16:9 industrial documentary AI reconstruction, historically grounded and serious, naturalistic western Washington light, restrained charcoal / iron / warm-paper / faded-rust / blueprint-gray-blue grade. The Satsop nuclear projects were never fueled and never operated: no active reactor, no nuclear glow, no steam plume implying operation, no radioactive-hazard spectacle, no completed control room, and no finished plant passed off as real history. Preserve Project Three versus Project Five identity from supplied references. Do not invent readable logos, dates, signs, gauges, documents, technical labels, or named people. No faux archive border, scratches, dust, sepia, horror, neon, glossy concept art, or disaster-movie treatment. Use physically plausible concrete, steel, cranes, roads, transmission equipment, weather, clothing, and construction methods for the stated period. Keep the lower 15 percent and lower center quiet and low-detail for subtitles; keep faces, essential machinery, maps, and key action above it. No on-image title text. Production metadata and the edit must label the generated layer AI RECONSTRUCTION for its complete on-screen duration.",COST PREFLIGHT PASS — NOT GENERATED
SAT-GEN017,SAT-B027,00:04:31.760,00:04:38.140,6.38,AI_RECONSTRUCTION,R01,gpt_image_2_5,flare,low,1k,16:9,1,0.25,AI RECONSTRUCTION,"wide elevated establishing composition. Focus on the less-complete Project Five construction zone: partial foundations, incomplete structural work, stored materials, and stopped activity, without borrowing Project Three's advanced structures. The exact narration beat is: Project Five belonged to the participant-financed Project Four and Five system. Interpret the beat literally and economically; one dominant visual idea, one secondary layer at most, and a composition materially different from neighboring beats. Hidden Industrial America visual canon. Cinematic 16:9 industrial documentary AI reconstruction, historically grounded and serious, naturalistic western Washington light, restrained charcoal / iron / warm-paper / faded-rust / blueprint-gray-blue grade. The Satsop nuclear projects were never fueled and never operated: no active reactor, no nuclear glow, no steam plume implying operation, no radioactive-hazard spectacle, no completed control room, and no finished plant passed off as real history. Preserve Project Three versus Project Five identity from supplied references. Do not invent readable logos, dates, signs, gauges, documents, technical labels, or named people. No faux archive border, scratches, dust, sepia, horror, neon, glossy concept art, or disaster-movie treatment. Use physically plausible concrete, steel, cranes, roads, transmission equipment, weather, clothing, and construction methods for the stated period. Keep the lower 15 percent and lower center quiet and low-detail for subtitles; keep faces, essential machinery, maps, and key action above it. No on-image title text. Production metadata and the edit must label the generated layer AI RECONSTRUCTION for its complete on-screen duration.",COST PREFLIGHT PASS — NOT GENERATED
SAT-GEN018,SAT-B029,00:04:49.420,00:04:56.520,7.1,AI_RECONSTRUCTION,R01+R05,gpt_image_2_5,flare,low,1k,16:9,1,0.25,AI RECONSTRUCTION,"ground-level three-quarter composition with strong human scale. Use a physical institutional scene rather than fake paperwork: period utility boardroom, bond/contract folders without readable text, regional power map, and participants connected through restrained editorial lines added later. The exact narration beat is: Public utilities held capability shares in Project Three and assigned them to Bonneville. Interpret the beat literally and economically; one dominant visual idea, one secondary layer at most, and a composition materially different from neighboring beats. Hidden Industrial America visual canon. Cinematic 16:9 industrial documentary AI reconstruction, historically grounded and serious, naturalistic western Washington light, restrained charcoal / iron / warm-paper / faded-rust / blueprint-gray-blue grade. The Satsop nuclear projects were never fueled and never operated: no active reactor, no nuclear glow, no steam plume implying operation, no radioactive-hazard spectacle, no completed control room, and no finished plant passed off as real history. Preserve Project Three versus Project Five identity from supplied references. Do not invent readable logos, dates, signs, gauges, documents, technical labels, or named people. No faux archive border, scratches, dust, sepia, horror, neon, glossy concept art, or disaster-movie treatment. Use physically plausible concrete, steel, cranes, roads, transmission equipment, weather, clothing, and construction methods for the stated period. Keep the lower 15 percent and lower center quiet and low-detail for subtitles; keep faces, essential machinery, maps, and key action above it. No on-image title text. Production metadata and the edit must label the generated layer AI RECONSTRUCTION for its complete on-screen duration.",COST PREFLIGHT PASS — NOT GENERATED
SAT-GEN019,SAT-B031,00:05:07.380,00:05:20.160,12.78,AI_RECONSTRUCTION,R01+R05,gpt_image_2_5,flare,low,1k,16:9,1,0.25,AI RECONSTRUCTION,"medium-wide lateral composition with layered foreground machinery. Create a concrete historical-industrial scene that makes this narration visually legible through people, structures, machinery, weather, and spatial relationships rather than written text. The exact narration beat is: Four investor-owned utilities held the remaining thirty percent. A later settlement changed Bonneville's exposure, and Bonneville ultimately paid all Project Three project costs. Interpret the beat literally and economically; one dominant visual idea, one secondary layer at most, and a composition materially different from neighboring beats. Hidden Industrial America visual canon. Cinematic 16:9 industrial documentary AI reconstruction, historically grounded and serious, naturalistic western Washington light, restrained charcoal / iron / warm-paper / faded-rust / blueprint-gray-blue grade. The Satsop nuclear projects were never fueled and never operated: no active reactor, no nuclear glow, no steam plume implying operation, no radioactive-hazard spectacle, no completed control room, and no finished plant passed off as real history. Preserve Project Three versus Project Five identity from supplied references. Do not invent readable logos, dates, signs, gauges, documents, technical labels, or named people. No faux archive border, scratches, dust, sepia, horror, neon, glossy concept art, or disaster-movie treatment. Use physically plausible concrete, steel, cranes, roads, transmission equipment, weather, clothing, and construction methods for the stated period. Keep the lower 15 percent and lower center quiet and low-detail for subtitles; keep faces, essential machinery, maps, and key action above it. No on-image title text. Production metadata and the edit must label the generated layer AI RECONSTRUCTION for its complete on-screen duration.",COST PREFLIGHT PASS — NOT GENERATED
SAT-GEN020,SAT-B032,00:05:20.160,00:05:29.680,9.52,AI_RECONSTRUCTION_GFX,R01+R04,gpt_image_2_5,flare,low,1k,16:9,1,0.25,AI RECONSTRUCTION,"long-lens compressed industrial composition. Create a technically restrained generated industrial base for the named system or comparison, leaving clean space and clear geometry for exact HIA vector explanation. The exact narration beat is: The structures looked similar because both projects were planned as large pressurized-water reactors of roughly twelve hundred and forty megawatts. Interpret the beat literally and economically; one dominant visual idea, one secondary layer at most, and a composition materially different from neighboring beats. Hidden Industrial America visual canon. Cinematic 16:9 industrial documentary AI reconstruction, historically grounded and serious, naturalistic western Washington light, restrained charcoal / iron / warm-paper / faded-rust / blueprint-gray-blue grade. The Satsop nuclear projects were never fueled and never operated: no active reactor, no nuclear glow, no steam plume implying operation, no radioactive-hazard spectacle, no completed control room, and no finished plant passed off as real history. Preserve Project Three versus Project Five identity from supplied references. Do not invent readable logos, dates, signs, gauges, documents, technical labels, or named people. No faux archive border, scratches, dust, sepia, horror, neon, glossy concept art, or disaster-movie treatment. Use physically plausible concrete, steel, cranes, roads, transmission equipment, weather, clothing, and construction methods for the stated period. Keep the lower 15 percent and lower center quiet and low-detail for subtitles; keep faces, essential machinery, maps, and key action above it. No on-image title text. Production metadata and the edit must label the generated layer AI RECONSTRUCTION for its complete on-screen duration.",COST PREFLIGHT PASS — NOT GENERATED
SAT-GEN021,SAT-B035,00:05:56.641,00:06:02.971,6.33,AI_RECONSTRUCTION,R01,gpt_image_2_5,flare,low,1k,16:9,1,0.25,AI RECONSTRUCTION,"high oblique site composition. Create a concrete historical-industrial scene that makes this narration visually legible through people, structures, machinery, weather, and spatial relationships rather than written text. The exact narration beat is: The tower was the most visible piece, but it was only the heat-rejection end of the plant. Interpret the beat literally and economically; one dominant visual idea, one secondary layer at most, and a composition materially different from neighboring beats. Hidden Industrial America visual canon. Cinematic 16:9 industrial documentary AI reconstruction, historically grounded and serious, naturalistic western Washington light, restrained charcoal / iron / warm-paper / faded-rust / blueprint-gray-blue grade. The Satsop nuclear projects were never fueled and never operated: no active reactor, no nuclear glow, no steam plume implying operation, no radioactive-hazard spectacle, no completed control room, and no finished plant passed off as real history. Preserve Project Three versus Project Five identity from supplied references. Do not invent readable logos, dates, signs, gauges, documents, technical labels, or named people. No faux archive border, scratches, dust, sepia, horror, neon, glossy concept art, or disaster-movie treatment. Use physically plausible concrete, steel, cranes, roads, transmission equipment, weather, clothing, and construction methods for the stated period. Keep the lower 15 percent and lower center quiet and low-detail for subtitles; keep faces, essential machinery, maps, and key action above it. No on-image title text. Production metadata and the edit must label the generated layer AI RECONSTRUCTION for its complete on-screen duration.",COST PREFLIGHT PASS — NOT GENERATED
SAT-GEN022,SAT-B036,00:06:02.971,00:06:15.631,12.66,AI_RECONSTRUCTION_GFX,R01+R04,gpt_image_2_5,flare,low,1k,16:9,1,0.25,AI RECONSTRUCTION,"low architectural composition emphasizing concrete mass. Create a cutaway-style generated industrial base showing the intended reactor-to-steam-to-turbine-to-cooling chain, with incomplete links visibly broken; exact arrows and labels will be added as vector GFX. The exact narration beat is: In operation, reactor heat would produce steam, the steam would spin a turbine generator, and the cooling system would remove waste heat so water could circulate again. Interpret the beat literally and economically; one dominant visual idea, one secondary layer at most, and a composition materially different from neighboring beats. Hidden Industrial America visual canon. Cinematic 16:9 industrial documentary AI reconstruction, historically grounded and serious, naturalistic western Washington light, restrained charcoal / iron / warm-paper / faded-rust / blueprint-gray-blue grade. The Satsop nuclear projects were never fueled and never operated: no active reactor, no nuclear glow, no steam plume implying operation, no radioactive-hazard spectacle, no completed control room, and no finished plant passed off as real history. Preserve Project Three versus Project Five identity from supplied references. Do not invent readable logos, dates, signs, gauges, documents, technical labels, or named people. No faux archive border, scratches, dust, sepia, horror, neon, glossy concept art, or disaster-movie treatment. Use physically plausible concrete, steel, cranes, roads, transmission equipment, weather, clothing, and construction methods for the stated period. Keep the lower 15 percent and lower center quiet and low-detail for subtitles; keep faces, essential machinery, maps, and key action above it. No on-image title text. Production metadata and the edit must label the generated layer AI RECONSTRUCTION for its complete on-screen duration.",COST PREFLIGHT PASS — NOT GENERATED
SAT-GEN023,SAT-B037,00:06:15.631,00:06:24.961,9.33,AI_RECONSTRUCTION_MAP,R01+R02,gpt_image_2_5,flare,low,1k,16:9,1,0.25,AI RECONSTRUCTION,"restrained interior-to-exterior composition. Focus on the less-complete Project Five construction zone: partial foundations, incomplete structural work, stored materials, and stopped activity, without borrowing Project Three's advanced structures. The exact narration beat is: At Satsop, that chain was never completed and never entered service. Project Five hit its financing wall first. Interpret the beat literally and economically; one dominant visual idea, one secondary layer at most, and a composition materially different from neighboring beats. Hidden Industrial America visual canon. Cinematic 16:9 industrial documentary AI reconstruction, historically grounded and serious, naturalistic western Washington light, restrained charcoal / iron / warm-paper / faded-rust / blueprint-gray-blue grade. The Satsop nuclear projects were never fueled and never operated: no active reactor, no nuclear glow, no steam plume implying operation, no radioactive-hazard spectacle, no completed control room, and no finished plant passed off as real history. Preserve Project Three versus Project Five identity from supplied references. Do not invent readable logos, dates, signs, gauges, documents, technical labels, or named people. No faux archive border, scratches, dust, sepia, horror, neon, glossy concept art, or disaster-movie treatment. Use physically plausible concrete, steel, cranes, roads, transmission equipment, weather, clothing, and construction methods for the stated period. Keep the lower 15 percent and lower center quiet and low-detail for subtitles; keep faces, essential machinery, maps, and key action above it. No on-image title text. Production metadata and the edit must label the generated layer AI RECONSTRUCTION for its complete on-screen duration.",COST PREFLIGHT PASS — NOT GENERATED
SAT-GEN024,SAT-B038,00:06:24.961,00:06:36.411,11.45,AI_RECONSTRUCTION,R01+R03,gpt_image_2_5,flare,low,1k,16:9,1,0.25,AI RECONSTRUCTION,"asymmetrical wide composition with negative space. Show a specific Satsop construction operation with period cranes, rebar cages, formwork, concrete pours, and a small crew for scale; the plant remains incomplete and the equipment follows 1970s–early-1980s practice. The exact narration beat is: Project Three had enough support to enter a different state: neither advancing nor dead. Construction on Project Three was suspended in July 1983. Interpret the beat literally and economically; one dominant visual idea, one secondary layer at most, and a composition materially different from neighboring beats. Hidden Industrial America visual canon. Cinematic 16:9 industrial documentary AI reconstruction, historically grounded and serious, naturalistic western Washington light, restrained charcoal / iron / warm-paper / faded-rust / blueprint-gray-blue grade. The Satsop nuclear projects were never fueled and never operated: no active reactor, no nuclear glow, no steam plume implying operation, no radioactive-hazard spectacle, no completed control room, and no finished plant passed off as real history. Preserve Project Three versus Project Five identity from supplied references. Do not invent readable logos, dates, signs, gauges, documents, technical labels, or named people. No faux archive border, scratches, dust, sepia, horror, neon, glossy concept art, or disaster-movie treatment. Use physically plausible concrete, steel, cranes, roads, transmission equipment, weather, clothing, and construction methods for the stated period. Keep the lower 15 percent and lower center quiet and low-detail for subtitles; keep faces, essential machinery, maps, and key action above it. No on-image title text. Production metadata and the edit must label the generated layer AI RECONSTRUCTION for its complete on-screen duration.",COST PREFLIGHT PASS — NOT GENERATED
SAT-GEN025,SAT-B039,00:06:36.411,00:06:48.221,11.81,AI_RECONSTRUCTION,R01+R03,gpt_image_2_5,flare,low,1k,16:9,1,0.25,AI RECONSTRUCTION,"wide elevated establishing composition. Show a specific Satsop construction operation with period cranes, rebar cages, formwork, concrete pours, and a small crew for scale; the plant remains incomplete and the equipment follows 1970s–early-1980s practice. The exact narration beat is: Suspended did not mean terminated. Buildings and installed systems were protected. Equipment and construction materials retained possible value. Interpret the beat literally and economically; one dominant visual idea, one secondary layer at most, and a composition materially different from neighboring beats. Hidden Industrial America visual canon. Cinematic 16:9 industrial documentary AI reconstruction, historically grounded and serious, naturalistic western Washington light, restrained charcoal / iron / warm-paper / faded-rust / blueprint-gray-blue grade. The Satsop nuclear projects were never fueled and never operated: no active reactor, no nuclear glow, no steam plume implying operation, no radioactive-hazard spectacle, no completed control room, and no finished plant passed off as real history. Preserve Project Three versus Project Five identity from supplied references. Do not invent readable logos, dates, signs, gauges, documents, technical labels, or named people. No faux archive border, scratches, dust, sepia, horror, neon, glossy concept art, or disaster-movie treatment. Use physically plausible concrete, steel, cranes, roads, transmission equipment, weather, clothing, and construction methods for the stated period. Keep the lower 15 percent and lower center quiet and low-detail for subtitles; keep faces, essential machinery, maps, and key action above it. No on-image title text. Production metadata and the edit must label the generated layer AI RECONSTRUCTION for its complete on-screen duration.",COST PREFLIGHT PASS — NOT GENERATED
SAT-GEN026,SAT-B040,00:06:48.221,00:06:56.801,8.58,AI_RECONSTRUCTION,R01,gpt_image_2_5,flare,low,1k,16:9,1,0.25,AI RECONSTRUCTION,"ground-level three-quarter composition with strong human scale. Show preservation after suspension: silent unfinished industrial spaces under inspection, protected equipment, temporary weather barriers, damp Washington air, and a small maintenance crew preventing deterioration. The exact narration beat is: The option to finish the project remained open. Preservation bought time. It also cost money. Interpret the beat literally and economically; one dominant visual idea, one secondary layer at most, and a composition materially different from neighboring beats. Hidden Industrial America visual canon. Cinematic 16:9 industrial documentary AI reconstruction, historically grounded and serious, naturalistic western Washington light, restrained charcoal / iron / warm-paper / faded-rust / blueprint-gray-blue grade. The Satsop nuclear projects were never fueled and never operated: no active reactor, no nuclear glow, no steam plume implying operation, no radioactive-hazard spectacle, no completed control room, and no finished plant passed off as real history. Preserve Project Three versus Project Five identity from supplied references. Do not invent readable logos, dates, signs, gauges, documents, technical labels, or named people. No faux archive border, scratches, dust, sepia, horror, neon, glossy concept art, or disaster-movie treatment. Use physically plausible concrete, steel, cranes, roads, transmission equipment, weather, clothing, and construction methods for the stated period. Keep the lower 15 percent and lower center quiet and low-detail for subtitles; keep faces, essential machinery, maps, and key action above it. No on-image title text. Production metadata and the edit must label the generated layer AI RECONSTRUCTION for its complete on-screen duration.",COST PREFLIGHT PASS — NOT GENERATED
SAT-GEN027,SAT-B042,00:07:07.941,00:07:16.081,8.14,AI_RECONSTRUCTION_MAP,R01+R02+R05,gpt_image_2_5,flare,low,1k,16:9,1,0.25,AI RECONSTRUCTION,"medium-wide lateral composition with layered foreground machinery. Visualize regional supply exceeding demand through a generated Pacific Northwest power landscape and modular generation blocks, leaving exact quantities to clean editorial GFX. The exact narration beat is: The region's demand forecasts changed. The site therefore required work without producing electricity. Interpret the beat literally and economically; one dominant visual idea, one secondary layer at most, and a composition materially different from neighboring beats. Hidden Industrial America visual canon. Cinematic 16:9 industrial documentary AI reconstruction, historically grounded and serious, naturalistic western Washington light, restrained charcoal / iron / warm-paper / faded-rust / blueprint-gray-blue grade. The Satsop nuclear projects were never fueled and never operated: no active reactor, no nuclear glow, no steam plume implying operation, no radioactive-hazard spectacle, no completed control room, and no finished plant passed off as real history. Preserve Project Three versus Project Five identity from supplied references. Do not invent readable logos, dates, signs, gauges, documents, technical labels, or named people. No faux archive border, scratches, dust, sepia, horror, neon, glossy concept art, or disaster-movie treatment. Use physically plausible concrete, steel, cranes, roads, transmission equipment, weather, clothing, and construction methods for the stated period. Keep the lower 15 percent and lower center quiet and low-detail for subtitles; keep faces, essential machinery, maps, and key action above it. No on-image title text. Production metadata and the edit must label the generated layer AI RECONSTRUCTION for its complete on-screen duration.",COST PREFLIGHT PASS — NOT GENERATED
SAT-GEN028,SAT-B043,00:07:16.081,00:07:30.786,14.705,AI_RECONSTRUCTION,R01+R03,gpt_image_2_5,flare,low,1k,16:9,1,0.25,AI RECONSTRUCTION,"long-lens compressed industrial composition. Show a specific Satsop construction operation with period cranes, rebar cages, formwork, concrete pours, and a small crew for scale; the plant remains incomplete and the equipment follows 1970s–early-1980s practice. The exact narration beat is: Preservation meant inspecting what had been built and protecting material that might still be used. It also meant maintaining the option to restart and studying whether that option remained valuable. Interpret the beat literally and economically; one dominant visual idea, one secondary layer at most, and a composition materially different from neighboring beats. Hidden Industrial America visual canon. Cinematic 16:9 industrial documentary AI reconstruction, historically grounded and serious, naturalistic western Washington light, restrained charcoal / iron / warm-paper / faded-rust / blueprint-gray-blue grade. The Satsop nuclear projects were never fueled and never operated: no active reactor, no nuclear glow, no steam plume implying operation, no radioactive-hazard spectacle, no completed control room, and no finished plant passed off as real history. Preserve Project Three versus Project Five identity from supplied references. Do not invent readable logos, dates, signs, gauges, documents, technical labels, or named people. No faux archive border, scratches, dust, sepia, horror, neon, glossy concept art, or disaster-movie treatment. Use physically plausible concrete, steel, cranes, roads, transmission equipment, weather, clothing, and construction methods for the stated period. Keep the lower 15 percent and lower center quiet and low-detail for subtitles; keep faces, essential machinery, maps, and key action above it. No on-image title text. Production metadata and the edit must label the generated layer AI RECONSTRUCTION for its complete on-screen duration.",COST PREFLIGHT PASS — NOT GENERATED
SAT-GEN029,SAT-B044,00:07:30.786,00:07:40.261,9.475,AI_RECONSTRUCTION,R01,gpt_image_2_5,flare,low,1k,16:9,1,0.25,AI RECONSTRUCTION,"high oblique site composition. Show preservation after suspension: silent unfinished industrial spaces under inspection, protected equipment, temporary weather barriers, damp Washington air, and a small maintenance crew preventing deterioration. The exact narration beat is: The longer preservation continued, the more the project faced a paradox. Keeping the option alive required spending money. Interpret the beat literally and economically; one dominant visual idea, one secondary layer at most, and a composition materially different from neighboring beats. Hidden Industrial America visual canon. Cinematic 16:9 industrial documentary AI reconstruction, historically grounded and serious, naturalistic western Washington light, restrained charcoal / iron / warm-paper / faded-rust / blueprint-gray-blue grade. The Satsop nuclear projects were never fueled and never operated: no active reactor, no nuclear glow, no steam plume implying operation, no radioactive-hazard spectacle, no completed control room, and no finished plant passed off as real history. Preserve Project Three versus Project Five identity from supplied references. Do not invent readable logos, dates, signs, gauges, documents, technical labels, or named people. No faux archive border, scratches, dust, sepia, horror, neon, glossy concept art, or disaster-movie treatment. Use physically plausible concrete, steel, cranes, roads, transmission equipment, weather, clothing, and construction methods for the stated period. Keep the lower 15 percent and lower center quiet and low-detail for subtitles; keep faces, essential machinery, maps, and key action above it. No on-image title text. Production metadata and the edit must label the generated layer AI RECONSTRUCTION for its complete on-screen duration.",COST PREFLIGHT PASS — NOT GENERATED
SAT-GEN030,SAT-B046,00:07:54.011,00:08:04.071,10.06,AI_RECONSTRUCTION,R01+R05,gpt_image_2_5,flare,low,1k,16:9,1,0.25,AI RECONSTRUCTION,"low architectural composition emphasizing concrete mass. Create a concrete historical-industrial scene that makes this narration visually legible through people, structures, machinery, weather, and spatial relationships rather than written text. The exact narration beat is: Approximately two point six billion dollars had been invested, measured in 1993 dollars and including the investor-owned utilities' share. Interpret the beat literally and economically; one dominant visual idea, one secondary layer at most, and a composition materially different from neighboring beats. Hidden Industrial America visual canon. Cinematic 16:9 industrial documentary AI reconstruction, historically grounded and serious, naturalistic western Washington light, restrained charcoal / iron / warm-paper / faded-rust / blueprint-gray-blue grade. The Satsop nuclear projects were never fueled and never operated: no active reactor, no nuclear glow, no steam plume implying operation, no radioactive-hazard spectacle, no completed control room, and no finished plant passed off as real history. Preserve Project Three versus Project Five identity from supplied references. Do not invent readable logos, dates, signs, gauges, documents, technical labels, or named people. No faux archive border, scratches, dust, sepia, horror, neon, glossy concept art, or disaster-movie treatment. Use physically plausible concrete, steel, cranes, roads, transmission equipment, weather, clothing, and construction methods for the stated period. Keep the lower 15 percent and lower center quiet and low-detail for subtitles; keep faces, essential machinery, maps, and key action above it. No on-image title text. Production metadata and the edit must label the generated layer AI RECONSTRUCTION for its complete on-screen duration.",COST PREFLIGHT PASS — NOT GENERATED
SAT-GEN031,SAT-B047,00:08:04.071,00:08:14.951,10.88,AI_RECONSTRUCTION_GFX,R01+R02+R04,gpt_image_2_5,flare,low,1k,16:9,1,0.25,AI RECONSTRUCTION,"restrained interior-to-exterior composition. Isolate one reusable infrastructure element—heavy road, turbine building, tunnel, or electrical connection—in an active industrial composition that explains value beyond the abandoned reactor plan. The exact narration beat is: The cooling tower stood almost five hundred feet high. The reactor and turbine buildings existed. From the road, the project could look close to finished. Interpret the beat literally and economically; one dominant visual idea, one secondary layer at most, and a composition materially different from neighboring beats. Hidden Industrial America visual canon. Cinematic 16:9 industrial documentary AI reconstruction, historically grounded and serious, naturalistic western Washington light, restrained charcoal / iron / warm-paper / faded-rust / blueprint-gray-blue grade. The Satsop nuclear projects were never fueled and never operated: no active reactor, no nuclear glow, no steam plume implying operation, no radioactive-hazard spectacle, no completed control room, and no finished plant passed off as real history. Preserve Project Three versus Project Five identity from supplied references. Do not invent readable logos, dates, signs, gauges, documents, technical labels, or named people. No faux archive border, scratches, dust, sepia, horror, neon, glossy concept art, or disaster-movie treatment. Use physically plausible concrete, steel, cranes, roads, transmission equipment, weather, clothing, and construction methods for the stated period. Keep the lower 15 percent and lower center quiet and low-detail for subtitles; keep faces, essential machinery, maps, and key action above it. No on-image title text. Production metadata and the edit must label the generated layer AI RECONSTRUCTION for its complete on-screen duration.",COST PREFLIGHT PASS — NOT GENERATED
SAT-GEN032,SAT-B048,00:08:14.951,00:08:26.231,11.28,AI_RECONSTRUCTION,R01+R03,gpt_image_2_5,flare,low,1k,16:9,1,0.25,AI RECONSTRUCTION,"asymmetrical wide composition with negative space. Show a specific Satsop construction operation with period cranes, rebar cages, formwork, concrete pours, and a small crew for scale; the plant remains incomplete and the equipment follows 1970s–early-1980s practice. The exact narration beat is: But completion is not measured by how much concrete is visible. It is measured by what still has to be spent and how long that money remains at risk. Interpret the beat literally and economically; one dominant visual idea, one secondary layer at most, and a composition materially different from neighboring beats. Hidden Industrial America visual canon. Cinematic 16:9 industrial documentary AI reconstruction, historically grounded and serious, naturalistic western Washington light, restrained charcoal / iron / warm-paper / faded-rust / blueprint-gray-blue grade. The Satsop nuclear projects were never fueled and never operated: no active reactor, no nuclear glow, no steam plume implying operation, no radioactive-hazard spectacle, no completed control room, and no finished plant passed off as real history. Preserve Project Three versus Project Five identity from supplied references. Do not invent readable logos, dates, signs, gauges, documents, technical labels, or named people. No faux archive border, scratches, dust, sepia, horror, neon, glossy concept art, or disaster-movie treatment. Use physically plausible concrete, steel, cranes, roads, transmission equipment, weather, clothing, and construction methods for the stated period. Keep the lower 15 percent and lower center quiet and low-detail for subtitles; keep faces, essential machinery, maps, and key action above it. No on-image title text. Production metadata and the edit must label the generated layer AI RECONSTRUCTION for its complete on-screen duration.",COST PREFLIGHT PASS — NOT GENERATED
SAT-GEN033,SAT-B049,00:08:26.231,00:08:42.631,16.4,AI_RECONSTRUCTION,R01,gpt_image_2_5,flare,low,1k,16:9,1,0.25,AI RECONSTRUCTION,"wide elevated establishing composition. Create a concrete historical-industrial scene that makes this narration visually legible through people, structures, machinery, weather, and spatial relationships rather than written text. The exact narration beat is: Most of all, it is measured by whether the electricity will be needed when the plant finally opens. In June 1993, Bonneville began another study of whether Project Three should remain preserved for nuclear completion. Interpret the beat literally and economically; one dominant visual idea, one secondary layer at most, and a composition materially different from neighboring beats. Hidden Industrial America visual canon. Cinematic 16:9 industrial documentary AI reconstruction, historically grounded and serious, naturalistic western Washington light, restrained charcoal / iron / warm-paper / faded-rust / blueprint-gray-blue grade. The Satsop nuclear projects were never fueled and never operated: no active reactor, no nuclear glow, no steam plume implying operation, no radioactive-hazard spectacle, no completed control room, and no finished plant passed off as real history. Preserve Project Three versus Project Five identity from supplied references. Do not invent readable logos, dates, signs, gauges, documents, technical labels, or named people. No faux archive border, scratches, dust, sepia, horror, neon, glossy concept art, or disaster-movie treatment. Use physically plausible concrete, steel, cranes, roads, transmission equipment, weather, clothing, and construction methods for the stated period. Keep the lower 15 percent and lower center quiet and low-detail for subtitles; keep faces, essential machinery, maps, and key action above it. No on-image title text. Production metadata and the edit must label the generated layer AI RECONSTRUCTION for its complete on-screen duration.",COST PREFLIGHT PASS — NOT GENERATED
SAT-GEN034,SAT-B052,00:09:01.271,00:09:11.891,10.62,AI_RECONSTRUCTION,R01+R05,gpt_image_2_5,flare,low,1k,16:9,1,0.25,AI RECONSTRUCTION,"ground-level three-quarter composition with strong human scale. Create a concrete historical-industrial scene that makes this narration visually legible through people, structures, machinery, weather, and spatial relationships rather than written text. The exact narration beat is: Did the region need the power? How did Project Three compare with available alternatives? And what risks came with each choice? Interpret the beat literally and economically; one dominant visual idea, one secondary layer at most, and a composition materially different from neighboring beats. Hidden Industrial America visual canon. Cinematic 16:9 industrial documentary AI reconstruction, historically grounded and serious, naturalistic western Washington light, restrained charcoal / iron / warm-paper / faded-rust / blueprint-gray-blue grade. The Satsop nuclear projects were never fueled and never operated: no active reactor, no nuclear glow, no steam plume implying operation, no radioactive-hazard spectacle, no completed control room, and no finished plant passed off as real history. Preserve Project Three versus Project Five identity from supplied references. Do not invent readable logos, dates, signs, gauges, documents, technical labels, or named people. No faux archive border, scratches, dust, sepia, horror, neon, glossy concept art, or disaster-movie treatment. Use physically plausible concrete, steel, cranes, roads, transmission equipment, weather, clothing, and construction methods for the stated period. Keep the lower 15 percent and lower center quiet and low-detail for subtitles; keep faces, essential machinery, maps, and key action above it. No on-image title text. Production metadata and the edit must label the generated layer AI RECONSTRUCTION for its complete on-screen duration.",COST PREFLIGHT PASS — NOT GENERATED
SAT-GEN035,SAT-B054,00:09:28.091,00:09:40.211,12.12,AI_RECONSTRUCTION,R01,gpt_image_2_5,flare,low,1k,16:9,1,0.25,AI RECONSTRUCTION,"medium-wide lateral composition with layered foreground machinery. Create a concrete historical-industrial scene that makes this narration visually legible through people, structures, machinery, weather, and spatial relationships rather than written text. The exact narration beat is: Bonneville was already under pressure to control its rates. Its customers were considering other sources of power, and some indicated that they might pay a premium for greater independence. Interpret the beat literally and economically; one dominant visual idea, one secondary layer at most, and a composition materially different from neighboring beats. Hidden Industrial America visual canon. Cinematic 16:9 industrial documentary AI reconstruction, historically grounded and serious, naturalistic western Washington light, restrained charcoal / iron / warm-paper / faded-rust / blueprint-gray-blue grade. The Satsop nuclear projects were never fueled and never operated: no active reactor, no nuclear glow, no steam plume implying operation, no radioactive-hazard spectacle, no completed control room, and no finished plant passed off as real history. Preserve Project Three versus Project Five identity from supplied references. Do not invent readable logos, dates, signs, gauges, documents, technical labels, or named people. No faux archive border, scratches, dust, sepia, horror, neon, glossy concept art, or disaster-movie treatment. Use physically plausible concrete, steel, cranes, roads, transmission equipment, weather, clothing, and construction methods for the stated period. Keep the lower 15 percent and lower center quiet and low-detail for subtitles; keep faces, essential machinery, maps, and key action above it. No on-image title text. Production metadata and the edit must label the generated layer AI RECONSTRUCTION for its complete on-screen duration.",COST PREFLIGHT PASS — NOT GENERATED
SAT-GEN036,SAT-B058,00:10:04.771,00:10:20.911,16.14,AI_RECONSTRUCTION_GFX,R01+R04+R06,gpt_image_2_5,flare,low,1k,16:9,1,0.25,AI RECONSTRUCTION,"long-lens compressed industrial composition. Create a cutaway-style generated industrial base showing the intended reactor-to-steam-to-turbine-to-cooling chain, with incomplete links visibly broken; exact arrows and labels will be added as vector GFX. The exact narration beat is: That money was already gone. Only the next commitment could still be changed. Bonneville compared Project Three with natural-gas combined-cycle generation — plants using gas and steam turbines together. Interpret the beat literally and economically; one dominant visual idea, one secondary layer at most, and a composition materially different from neighboring beats. Hidden Industrial America visual canon. Cinematic 16:9 industrial documentary AI reconstruction, historically grounded and serious, naturalistic western Washington light, restrained charcoal / iron / warm-paper / faded-rust / blueprint-gray-blue grade. The Satsop nuclear projects were never fueled and never operated: no active reactor, no nuclear glow, no steam plume implying operation, no radioactive-hazard spectacle, no completed control room, and no finished plant passed off as real history. Preserve Project Three versus Project Five identity from supplied references. Do not invent readable logos, dates, signs, gauges, documents, technical labels, or named people. No faux archive border, scratches, dust, sepia, horror, neon, glossy concept art, or disaster-movie treatment. Use physically plausible concrete, steel, cranes, roads, transmission equipment, weather, clothing, and construction methods for the stated period. Keep the lower 15 percent and lower center quiet and low-detail for subtitles; keep faces, essential machinery, maps, and key action above it. No on-image title text. Production metadata and the edit must label the generated layer AI RECONSTRUCTION for its complete on-screen duration.",COST PREFLIGHT PASS — NOT GENERATED
SAT-GEN037,SAT-B060,00:10:32.011,00:10:44.351,12.34,AI_RECONSTRUCTION,R01+R03+R06,gpt_image_2_5,flare,low,1k,16:9,1,0.25,AI RECONSTRUCTION,"high oblique site composition. Show a specific Satsop construction operation with period cranes, rebar cages, formwork, concrete pours, and a small crew for scale; the plant remains incomplete and the equipment follows 1970s–early-1980s practice. The exact narration beat is: That difference mattered. Combined-cycle resources could be built in smaller increments, letting Bonneville match new supply more closely to actual load growth. Interpret the beat literally and economically; one dominant visual idea, one secondary layer at most, and a composition materially different from neighboring beats. Hidden Industrial America visual canon. Cinematic 16:9 industrial documentary AI reconstruction, historically grounded and serious, naturalistic western Washington light, restrained charcoal / iron / warm-paper / faded-rust / blueprint-gray-blue grade. The Satsop nuclear projects were never fueled and never operated: no active reactor, no nuclear glow, no steam plume implying operation, no radioactive-hazard spectacle, no completed control room, and no finished plant passed off as real history. Preserve Project Three versus Project Five identity from supplied references. Do not invent readable logos, dates, signs, gauges, documents, technical labels, or named people. No faux archive border, scratches, dust, sepia, horror, neon, glossy concept art, or disaster-movie treatment. Use physically plausible concrete, steel, cranes, roads, transmission equipment, weather, clothing, and construction methods for the stated period. Keep the lower 15 percent and lower center quiet and low-detail for subtitles; keep faces, essential machinery, maps, and key action above it. No on-image title text. Production metadata and the edit must label the generated layer AI RECONSTRUCTION for its complete on-screen duration.",COST PREFLIGHT PASS — NOT GENERATED
SAT-GEN038,SAT-B061,00:10:44.351,00:10:57.551,13.2,AI_RECONSTRUCTION,R01+R03+R06,gpt_image_2_5,flare,low,1k,16:9,1,0.25,AI RECONSTRUCTION,"low architectural composition emphasizing concrete mass. Show a specific Satsop construction operation with period cranes, rebar cages, formwork, concrete pours, and a small crew for scale; the plant remains incomplete and the equipment follows 1970s–early-1980s practice. The exact narration beat is: Bonneville's assumptions also gave the combined-cycle alternative a shorter construction lead time: three years, compared with five years for restarting and completing Project Three. Interpret the beat literally and economically; one dominant visual idea, one secondary layer at most, and a composition materially different from neighboring beats. Hidden Industrial America visual canon. Cinematic 16:9 industrial documentary AI reconstruction, historically grounded and serious, naturalistic western Washington light, restrained charcoal / iron / warm-paper / faded-rust / blueprint-gray-blue grade. The Satsop nuclear projects were never fueled and never operated: no active reactor, no nuclear glow, no steam plume implying operation, no radioactive-hazard spectacle, no completed control room, and no finished plant passed off as real history. Preserve Project Three versus Project Five identity from supplied references. Do not invent readable logos, dates, signs, gauges, documents, technical labels, or named people. No faux archive border, scratches, dust, sepia, horror, neon, glossy concept art, or disaster-movie treatment. Use physically plausible concrete, steel, cranes, roads, transmission equipment, weather, clothing, and construction methods for the stated period. Keep the lower 15 percent and lower center quiet and low-detail for subtitles; keep faces, essential machinery, maps, and key action above it. No on-image title text. Production metadata and the edit must label the generated layer AI RECONSTRUCTION for its complete on-screen duration.",COST PREFLIGHT PASS — NOT GENERATED
SAT-GEN039,SAT-B062,00:10:57.551,00:11:10.851,13.3,AI_RECONSTRUCTION,R01+R06,gpt_image_2_5,flare,low,1k,16:9,1,0.25,AI RECONSTRUCTION,"restrained interior-to-exterior composition. Contrast the massive unfinished nuclear site with modular combined-cycle equipment in a physically plausible comparison scene; treat the gas plant as an alternative, not as something built at Satsop. The exact narration beat is: The comparison was not one giant replacement plant against one giant nuclear plant. Bonneville could add combined-cycle capacity in smaller units as demand appeared. Interpret the beat literally and economically; one dominant visual idea, one secondary layer at most, and a composition materially different from neighboring beats. Hidden Industrial America visual canon. Cinematic 16:9 industrial documentary AI reconstruction, historically grounded and serious, naturalistic western Washington light, restrained charcoal / iron / warm-paper / faded-rust / blueprint-gray-blue grade. The Satsop nuclear projects were never fueled and never operated: no active reactor, no nuclear glow, no steam plume implying operation, no radioactive-hazard spectacle, no completed control room, and no finished plant passed off as real history. Preserve Project Three versus Project Five identity from supplied references. Do not invent readable logos, dates, signs, gauges, documents, technical labels, or named people. No faux archive border, scratches, dust, sepia, horror, neon, glossy concept art, or disaster-movie treatment. Use physically plausible concrete, steel, cranes, roads, transmission equipment, weather, clothing, and construction methods for the stated period. Keep the lower 15 percent and lower center quiet and low-detail for subtitles; keep faces, essential machinery, maps, and key action above it. No on-image title text. Production metadata and the edit must label the generated layer AI RECONSTRUCTION for its complete on-screen duration.",COST PREFLIGHT PASS — NOT GENERATED
SAT-GEN040,SAT-B066,00:11:36.939,00:11:46.198,9.259,AI_RECONSTRUCTION,R01+R06,gpt_image_2_5,flare,low,1k,16:9,1,0.25,AI RECONSTRUCTION,"asymmetrical wide composition with negative space. Contrast the massive unfinished nuclear site with modular combined-cycle equipment in a physically plausible comparison scene; treat the gas plant as an alternative, not as something built at Satsop. The exact narration beat is: The gas option had risks, including fuel prices and possible carbon costs. Bonneville recorded those too. Interpret the beat literally and economically; one dominant visual idea, one secondary layer at most, and a composition materially different from neighboring beats. Hidden Industrial America visual canon. Cinematic 16:9 industrial documentary AI reconstruction, historically grounded and serious, naturalistic western Washington light, restrained charcoal / iron / warm-paper / faded-rust / blueprint-gray-blue grade. The Satsop nuclear projects were never fueled and never operated: no active reactor, no nuclear glow, no steam plume implying operation, no radioactive-hazard spectacle, no completed control room, and no finished plant passed off as real history. Preserve Project Three versus Project Five identity from supplied references. Do not invent readable logos, dates, signs, gauges, documents, technical labels, or named people. No faux archive border, scratches, dust, sepia, horror, neon, glossy concept art, or disaster-movie treatment. Use physically plausible concrete, steel, cranes, roads, transmission equipment, weather, clothing, and construction methods for the stated period. Keep the lower 15 percent and lower center quiet and low-detail for subtitles; keep faces, essential machinery, maps, and key action above it. No on-image title text. Production metadata and the edit must label the generated layer AI RECONSTRUCTION for its complete on-screen duration.",COST PREFLIGHT PASS — NOT GENERATED
SAT-GEN041,SAT-B067,00:11:46.198,00:11:57.468,11.27,AI_RECONSTRUCTION,R01+R06,gpt_image_2_5,flare,low,1k,16:9,1,0.25,AI RECONSTRUCTION,"wide elevated establishing composition. Contrast the massive unfinished nuclear site with modular combined-cycle equipment in a physically plausible comparison scene; treat the gas plant as an alternative, not as something built at Satsop. The exact narration beat is: This matters because the 1994 decision was not a claim that combined-cycle power was risk-free or that nuclear generation had no advantages. Interpret the beat literally and economically; one dominant visual idea, one secondary layer at most, and a composition materially different from neighboring beats. Hidden Industrial America visual canon. Cinematic 16:9 industrial documentary AI reconstruction, historically grounded and serious, naturalistic western Washington light, restrained charcoal / iron / warm-paper / faded-rust / blueprint-gray-blue grade. The Satsop nuclear projects were never fueled and never operated: no active reactor, no nuclear glow, no steam plume implying operation, no radioactive-hazard spectacle, no completed control room, and no finished plant passed off as real history. Preserve Project Three versus Project Five identity from supplied references. Do not invent readable logos, dates, signs, gauges, documents, technical labels, or named people. No faux archive border, scratches, dust, sepia, horror, neon, glossy concept art, or disaster-movie treatment. Use physically plausible concrete, steel, cranes, roads, transmission equipment, weather, clothing, and construction methods for the stated period. Keep the lower 15 percent and lower center quiet and low-detail for subtitles; keep faces, essential machinery, maps, and key action above it. No on-image title text. Production metadata and the edit must label the generated layer AI RECONSTRUCTION for its complete on-screen duration.",COST PREFLIGHT PASS — NOT GENERATED
SAT-GEN042,SAT-B068,00:11:57.468,00:12:06.998,9.53,AI_RECONSTRUCTION,R01,gpt_image_2_5,flare,low,1k,16:9,1,0.25,AI RECONSTRUCTION,"ground-level three-quarter composition with strong human scale. Create a concrete historical-industrial scene that makes this narration visually legible through people, structures, machinery, weather, and spatial relationships rather than written text. The exact narration beat is: It was a comparison of which risks Bonneville was willing and able to carry. But it offered something Project Three could not. Interpret the beat literally and economically; one dominant visual idea, one secondary layer at most, and a composition materially different from neighboring beats. Hidden Industrial America visual canon. Cinematic 16:9 industrial documentary AI reconstruction, historically grounded and serious, naturalistic western Washington light, restrained charcoal / iron / warm-paper / faded-rust / blueprint-gray-blue grade. The Satsop nuclear projects were never fueled and never operated: no active reactor, no nuclear glow, no steam plume implying operation, no radioactive-hazard spectacle, no completed control room, and no finished plant passed off as real history. Preserve Project Three versus Project Five identity from supplied references. Do not invent readable logos, dates, signs, gauges, documents, technical labels, or named people. No faux archive border, scratches, dust, sepia, horror, neon, glossy concept art, or disaster-movie treatment. Use physically plausible concrete, steel, cranes, roads, transmission equipment, weather, clothing, and construction methods for the stated period. Keep the lower 15 percent and lower center quiet and low-detail for subtitles; keep faces, essential machinery, maps, and key action above it. No on-image title text. Production metadata and the edit must label the generated layer AI RECONSTRUCTION for its complete on-screen duration.",COST PREFLIGHT PASS — NOT GENERATED
SAT-GEN043,SAT-B069,00:12:06.998,00:12:19.158,12.16,AI_RECONSTRUCTION,R01,gpt_image_2_5,flare,low,1k,16:9,1,0.25,AI RECONSTRUCTION,"medium-wide lateral composition with layered foreground machinery. Create a concrete historical-industrial scene that makes this narration visually legible through people, structures, machinery, weather, and spatial relationships rather than written text. The exact narration beat is: Flexibility. An earlier study put the base estimate to complete Project Three at another one point five five billion dollars, in 1993 dollars. Interpret the beat literally and economically; one dominant visual idea, one secondary layer at most, and a composition materially different from neighboring beats. Hidden Industrial America visual canon. Cinematic 16:9 industrial documentary AI reconstruction, historically grounded and serious, naturalistic western Washington light, restrained charcoal / iron / warm-paper / faded-rust / blueprint-gray-blue grade. The Satsop nuclear projects were never fueled and never operated: no active reactor, no nuclear glow, no steam plume implying operation, no radioactive-hazard spectacle, no completed control room, and no finished plant passed off as real history. Preserve Project Three versus Project Five identity from supplied references. Do not invent readable logos, dates, signs, gauges, documents, technical labels, or named people. No faux archive border, scratches, dust, sepia, horror, neon, glossy concept art, or disaster-movie treatment. Use physically plausible concrete, steel, cranes, roads, transmission equipment, weather, clothing, and construction methods for the stated period. Keep the lower 15 percent and lower center quiet and low-detail for subtitles; keep faces, essential machinery, maps, and key action above it. No on-image title text. Production metadata and the edit must label the generated layer AI RECONSTRUCTION for its complete on-screen duration.",COST PREFLIGHT PASS — NOT GENERATED
SAT-GEN044,SAT-B070,00:12:19.158,00:12:28.418,9.26,AI_RECONSTRUCTION,R01,gpt_image_2_5,flare,low,1k,16:9,1,0.25,AI RECONSTRUCTION,"long-lens compressed industrial composition. Create a concrete historical-industrial scene that makes this narration visually legible through people, structures, machinery, weather, and spatial relationships rather than written text. The exact narration beat is: Bonneville also tested lower and higher cases. Combined cycle was cheaper than the base and high Project Three cases. Interpret the beat literally and economically; one dominant visual idea, one secondary layer at most, and a composition materially different from neighboring beats. Hidden Industrial America visual canon. Cinematic 16:9 industrial documentary AI reconstruction, historically grounded and serious, naturalistic western Washington light, restrained charcoal / iron / warm-paper / faded-rust / blueprint-gray-blue grade. The Satsop nuclear projects were never fueled and never operated: no active reactor, no nuclear glow, no steam plume implying operation, no radioactive-hazard spectacle, no completed control room, and no finished plant passed off as real history. Preserve Project Three versus Project Five identity from supplied references. Do not invent readable logos, dates, signs, gauges, documents, technical labels, or named people. No faux archive border, scratches, dust, sepia, horror, neon, glossy concept art, or disaster-movie treatment. Use physically plausible concrete, steel, cranes, roads, transmission equipment, weather, clothing, and construction methods for the stated period. Keep the lower 15 percent and lower center quiet and low-detail for subtitles; keep faces, essential machinery, maps, and key action above it. No on-image title text. Production metadata and the edit must label the generated layer AI RECONSTRUCTION for its complete on-screen duration.",COST PREFLIGHT PASS — NOT GENERATED
SAT-GEN045,SAT-B071,00:12:28.418,00:12:38.288,9.87,AI_RECONSTRUCTION,R01,gpt_image_2_5,flare,low,1k,16:9,1,0.25,AI RECONSTRUCTION,"high oblique site composition. Create a concrete historical-industrial scene that makes this narration visually legible through people, structures, machinery, weather, and spatial relationships rather than written text. The exact narration beat is: In the low-cost case, Project Three became comparable over its operating life. But comparable lifetime cost was not enough. Interpret the beat literally and economically; one dominant visual idea, one secondary layer at most, and a composition materially different from neighboring beats. Hidden Industrial America visual canon. Cinematic 16:9 industrial documentary AI reconstruction, historically grounded and serious, naturalistic western Washington light, restrained charcoal / iron / warm-paper / faded-rust / blueprint-gray-blue grade. The Satsop nuclear projects were never fueled and never operated: no active reactor, no nuclear glow, no steam plume implying operation, no radioactive-hazard spectacle, no completed control room, and no finished plant passed off as real history. Preserve Project Three versus Project Five identity from supplied references. Do not invent readable logos, dates, signs, gauges, documents, technical labels, or named people. No faux archive border, scratches, dust, sepia, horror, neon, glossy concept art, or disaster-movie treatment. Use physically plausible concrete, steel, cranes, roads, transmission equipment, weather, clothing, and construction methods for the stated period. Keep the lower 15 percent and lower center quiet and low-detail for subtitles; keep faces, essential machinery, maps, and key action above it. No on-image title text. Production metadata and the edit must label the generated layer AI RECONSTRUCTION for its complete on-screen duration.",COST PREFLIGHT PASS — NOT GENERATED
SAT-GEN046,SAT-B074,00:13:00.978,00:13:17.108,16.13,AI_RECONSTRUCTION_GFX,R01+R04,gpt_image_2_5,flare,low,1k,16:9,1,0.25,AI RECONSTRUCTION,"low architectural composition emphasizing concrete mass. Visualize regional supply exceeding demand through a generated Pacific Northwest power landscape and modular generation blocks, leaving exact quantities to clean editorial GFX. The exact narration beat is: Then came the need question. Bonneville projected that Project Three's full twelve hundred and forty-megawatt output would create about six hundred average megawatts of surplus power even under its high-load forecast. Interpret the beat literally and economically; one dominant visual idea, one secondary layer at most, and a composition materially different from neighboring beats. Hidden Industrial America visual canon. Cinematic 16:9 industrial documentary AI reconstruction, historically grounded and serious, naturalistic western Washington light, restrained charcoal / iron / warm-paper / faded-rust / blueprint-gray-blue grade. The Satsop nuclear projects were never fueled and never operated: no active reactor, no nuclear glow, no steam plume implying operation, no radioactive-hazard spectacle, no completed control room, and no finished plant passed off as real history. Preserve Project Three versus Project Five identity from supplied references. Do not invent readable logos, dates, signs, gauges, documents, technical labels, or named people. No faux archive border, scratches, dust, sepia, horror, neon, glossy concept art, or disaster-movie treatment. Use physically plausible concrete, steel, cranes, roads, transmission equipment, weather, clothing, and construction methods for the stated period. Keep the lower 15 percent and lower center quiet and low-detail for subtitles; keep faces, essential machinery, maps, and key action above it. No on-image title text. Production metadata and the edit must label the generated layer AI RECONSTRUCTION for its complete on-screen duration.",COST PREFLIGHT PASS — NOT GENERATED
SAT-GEN047,SAT-B076,00:13:27.618,00:13:40.418,12.8,AI_RECONSTRUCTION,R01+R04,gpt_image_2_5,flare,low,1k,16:9,1,0.25,AI RECONSTRUCTION,"restrained interior-to-exterior composition. Create a concrete historical-industrial scene that makes this narration visually legible through people, structures, machinery, weather, and spatial relationships rather than written text. The exact narration beat is: The project could work technically and still fail economically. It could generate every megawatt promised and create a financial problem because too much capacity arrived at once. Interpret the beat literally and economically; one dominant visual idea, one secondary layer at most, and a composition materially different from neighboring beats. Hidden Industrial America visual canon. Cinematic 16:9 industrial documentary AI reconstruction, historically grounded and serious, naturalistic western Washington light, restrained charcoal / iron / warm-paper / faded-rust / blueprint-gray-blue grade. The Satsop nuclear projects were never fueled and never operated: no active reactor, no nuclear glow, no steam plume implying operation, no radioactive-hazard spectacle, no completed control room, and no finished plant passed off as real history. Preserve Project Three versus Project Five identity from supplied references. Do not invent readable logos, dates, signs, gauges, documents, technical labels, or named people. No faux archive border, scratches, dust, sepia, horror, neon, glossy concept art, or disaster-movie treatment. Use physically plausible concrete, steel, cranes, roads, transmission equipment, weather, clothing, and construction methods for the stated period. Keep the lower 15 percent and lower center quiet and low-detail for subtitles; keep faces, essential machinery, maps, and key action above it. No on-image title text. Production metadata and the edit must label the generated layer AI RECONSTRUCTION for its complete on-screen duration.",COST PREFLIGHT PASS — NOT GENERATED
SAT-GEN048,SAT-B077,00:13:40.418,00:13:48.148,7.73,AI_RECONSTRUCTION,R01,gpt_image_2_5,flare,low,1k,16:9,1,0.25,AI RECONSTRUCTION,"asymmetrical wide composition with negative space. Create a concrete historical-industrial scene that makes this narration visually legible through people, structures, machinery, weather, and spatial relationships rather than written text. The exact narration beat is: That is what the cooling towers conceal. Megaprojects are usually judged by whether engineers can finish them. Interpret the beat literally and economically; one dominant visual idea, one secondary layer at most, and a composition materially different from neighboring beats. Hidden Industrial America visual canon. Cinematic 16:9 industrial documentary AI reconstruction, historically grounded and serious, naturalistic western Washington light, restrained charcoal / iron / warm-paper / faded-rust / blueprint-gray-blue grade. The Satsop nuclear projects were never fueled and never operated: no active reactor, no nuclear glow, no steam plume implying operation, no radioactive-hazard spectacle, no completed control room, and no finished plant passed off as real history. Preserve Project Three versus Project Five identity from supplied references. Do not invent readable logos, dates, signs, gauges, documents, technical labels, or named people. No faux archive border, scratches, dust, sepia, horror, neon, glossy concept art, or disaster-movie treatment. Use physically plausible concrete, steel, cranes, roads, transmission equipment, weather, clothing, and construction methods for the stated period. Keep the lower 15 percent and lower center quiet and low-detail for subtitles; keep faces, essential machinery, maps, and key action above it. No on-image title text. Production metadata and the edit must label the generated layer AI RECONSTRUCTION for its complete on-screen duration.",COST PREFLIGHT PASS — NOT GENERATED
SAT-GEN049,SAT-B078,00:13:48.148,00:13:57.138,8.99,AI_RECONSTRUCTION,R01,gpt_image_2_5,flare,low,1k,16:9,1,0.25,AI RECONSTRUCTION,"wide elevated establishing composition. Create a concrete historical-industrial scene that makes this narration visually legible through people, structures, machinery, weather, and spatial relationships rather than written text. The exact narration beat is: Project Three also had to survive a second test: whether the system around it could use and pay for what it produced. Interpret the beat literally and economically; one dominant visual idea, one secondary layer at most, and a composition materially different from neighboring beats. Hidden Industrial America visual canon. Cinematic 16:9 industrial documentary AI reconstruction, historically grounded and serious, naturalistic western Washington light, restrained charcoal / iron / warm-paper / faded-rust / blueprint-gray-blue grade. The Satsop nuclear projects were never fueled and never operated: no active reactor, no nuclear glow, no steam plume implying operation, no radioactive-hazard spectacle, no completed control room, and no finished plant passed off as real history. Preserve Project Three versus Project Five identity from supplied references. Do not invent readable logos, dates, signs, gauges, documents, technical labels, or named people. No faux archive border, scratches, dust, sepia, horror, neon, glossy concept art, or disaster-movie treatment. Use physically plausible concrete, steel, cranes, roads, transmission equipment, weather, clothing, and construction methods for the stated period. Keep the lower 15 percent and lower center quiet and low-detail for subtitles; keep faces, essential machinery, maps, and key action above it. No on-image title text. Production metadata and the edit must label the generated layer AI RECONSTRUCTION for its complete on-screen duration.",COST PREFLIGHT PASS — NOT GENERATED
SAT-GEN050,SAT-B079,00:13:57.138,00:14:06.888,9.75,AI_RECONSTRUCTION,R01+R03+R05,gpt_image_2_5,flare,low,1k,16:9,1,0.25,AI RECONSTRUCTION,"ground-level three-quarter composition with strong human scale. Show a specific Satsop construction operation with period cranes, rebar cages, formwork, concrete pours, and a small crew for scale; the plant remains incomplete and the equipment follows 1970s–early-1980s practice. The exact narration beat is: This was the answer hidden behind the seventy-four-percent number. The project was mostly built. The region did not need all of its power. Interpret the beat literally and economically; one dominant visual idea, one secondary layer at most, and a composition materially different from neighboring beats. Hidden Industrial America visual canon. Cinematic 16:9 industrial documentary AI reconstruction, historically grounded and serious, naturalistic western Washington light, restrained charcoal / iron / warm-paper / faded-rust / blueprint-gray-blue grade. The Satsop nuclear projects were never fueled and never operated: no active reactor, no nuclear glow, no steam plume implying operation, no radioactive-hazard spectacle, no completed control room, and no finished plant passed off as real history. Preserve Project Three versus Project Five identity from supplied references. Do not invent readable logos, dates, signs, gauges, documents, technical labels, or named people. No faux archive border, scratches, dust, sepia, horror, neon, glossy concept art, or disaster-movie treatment. Use physically plausible concrete, steel, cranes, roads, transmission equipment, weather, clothing, and construction methods for the stated period. Keep the lower 15 percent and lower center quiet and low-detail for subtitles; keep faces, essential machinery, maps, and key action above it. No on-image title text. Production metadata and the edit must label the generated layer AI RECONSTRUCTION for its complete on-screen duration.",COST PREFLIGHT PASS — NOT GENERATED
SAT-GEN051,SAT-B080,00:14:06.888,00:14:15.808,8.92,AI_RECONSTRUCTION,R01,gpt_image_2_5,flare,low,1k,16:9,1,0.25,AI RECONSTRUCTION,"medium-wide lateral composition with layered foreground machinery. Stage a restrained institutional decision environment with the unfinished site visible through photographs or windows, keeping all documents unreadable so verified source excerpts can be composited separately. The exact narration beat is: And finishing it would concentrate far more capital in one decision than the alternative. Project Three still had real advantages. Interpret the beat literally and economically; one dominant visual idea, one secondary layer at most, and a composition materially different from neighboring beats. Hidden Industrial America visual canon. Cinematic 16:9 industrial documentary AI reconstruction, historically grounded and serious, naturalistic western Washington light, restrained charcoal / iron / warm-paper / faded-rust / blueprint-gray-blue grade. The Satsop nuclear projects were never fueled and never operated: no active reactor, no nuclear glow, no steam plume implying operation, no radioactive-hazard spectacle, no completed control room, and no finished plant passed off as real history. Preserve Project Three versus Project Five identity from supplied references. Do not invent readable logos, dates, signs, gauges, documents, technical labels, or named people. No faux archive border, scratches, dust, sepia, horror, neon, glossy concept art, or disaster-movie treatment. Use physically plausible concrete, steel, cranes, roads, transmission equipment, weather, clothing, and construction methods for the stated period. Keep the lower 15 percent and lower center quiet and low-detail for subtitles; keep faces, essential machinery, maps, and key action above it. No on-image title text. Production metadata and the edit must label the generated layer AI RECONSTRUCTION for its complete on-screen duration.",COST PREFLIGHT PASS — NOT GENERATED
SAT-GEN052,SAT-B081,00:14:15.808,00:14:26.688,10.88,AI_RECONSTRUCTION,R01,gpt_image_2_5,flare,low,1k,16:9,1,0.25,AI RECONSTRUCTION,"long-lens compressed industrial composition. Stage a restrained institutional decision environment with the unfinished site visible through photographs or windows, keeping all documents unreadable so verified source excerpts can be composited separately. The exact narration beat is: Much of it existed. Major siting permits were in place. Nuclear generation would not face combustion limits on carbon dioxide or sulfur dioxide. Interpret the beat literally and economically; one dominant visual idea, one secondary layer at most, and a composition materially different from neighboring beats. Hidden Industrial America visual canon. Cinematic 16:9 industrial documentary AI reconstruction, historically grounded and serious, naturalistic western Washington light, restrained charcoal / iron / warm-paper / faded-rust / blueprint-gray-blue grade. The Satsop nuclear projects were never fueled and never operated: no active reactor, no nuclear glow, no steam plume implying operation, no radioactive-hazard spectacle, no completed control room, and no finished plant passed off as real history. Preserve Project Three versus Project Five identity from supplied references. Do not invent readable logos, dates, signs, gauges, documents, technical labels, or named people. No faux archive border, scratches, dust, sepia, horror, neon, glossy concept art, or disaster-movie treatment. Use physically plausible concrete, steel, cranes, roads, transmission equipment, weather, clothing, and construction methods for the stated period. Keep the lower 15 percent and lower center quiet and low-detail for subtitles; keep faces, essential machinery, maps, and key action above it. No on-image title text. Production metadata and the edit must label the generated layer AI RECONSTRUCTION for its complete on-screen duration.",COST PREFLIGHT PASS — NOT GENERATED
SAT-GEN053,SAT-B083,00:14:42.928,00:14:57.088,14.16,AI_RECONSTRUCTION_GFX,R01+R04+R06,gpt_image_2_5,flare,low,1k,16:9,1,0.25,AI RECONSTRUCTION,"high oblique site composition. Contrast the massive unfinished nuclear site with modular combined-cycle equipment in a physically plausible comparison scene; treat the gas plant as an alternative, not as something built at Satsop. The exact narration beat is: Bonneville examined other possibilities. It considered repowering Project Three as a gas-fired combined-cycle plant and found no clear economic advantage over building a new one. Interpret the beat literally and economically; one dominant visual idea, one secondary layer at most, and a composition materially different from neighboring beats. Hidden Industrial America visual canon. Cinematic 16:9 industrial documentary AI reconstruction, historically grounded and serious, naturalistic western Washington light, restrained charcoal / iron / warm-paper / faded-rust / blueprint-gray-blue grade. The Satsop nuclear projects were never fueled and never operated: no active reactor, no nuclear glow, no steam plume implying operation, no radioactive-hazard spectacle, no completed control room, and no finished plant passed off as real history. Preserve Project Three versus Project Five identity from supplied references. Do not invent readable logos, dates, signs, gauges, documents, technical labels, or named people. No faux archive border, scratches, dust, sepia, horror, neon, glossy concept art, or disaster-movie treatment. Use physically plausible concrete, steel, cranes, roads, transmission equipment, weather, clothing, and construction methods for the stated period. Keep the lower 15 percent and lower center quiet and low-detail for subtitles; keep faces, essential machinery, maps, and key action above it. No on-image title text. Production metadata and the edit must label the generated layer AI RECONSTRUCTION for its complete on-screen duration.",COST PREFLIGHT PASS — NOT GENERATED
SAT-GEN054,SAT-B084,00:14:57.088,00:15:10.628,13.54,AI_RECONSTRUCTION_MAP,R01+R02,gpt_image_2_5,flare,low,1k,16:9,1,0.25,AI RECONSTRUCTION,"low architectural composition emphasizing concrete mass. Show preservation after suspension: silent unfinished industrial spaces under inspection, protected equipment, temporary weather barriers, damp Washington air, and a small maintenance crew preventing deterioration. The exact narration beat is: It considered whether a third party might use the site. None of those possibilities justified Bonneville continuing to finance preservation for nuclear completion under the existing agreements. Interpret the beat literally and economically; one dominant visual idea, one secondary layer at most, and a composition materially different from neighboring beats. Hidden Industrial America visual canon. Cinematic 16:9 industrial documentary AI reconstruction, historically grounded and serious, naturalistic western Washington light, restrained charcoal / iron / warm-paper / faded-rust / blueprint-gray-blue grade. The Satsop nuclear projects were never fueled and never operated: no active reactor, no nuclear glow, no steam plume implying operation, no radioactive-hazard spectacle, no completed control room, and no finished plant passed off as real history. Preserve Project Three versus Project Five identity from supplied references. Do not invent readable logos, dates, signs, gauges, documents, technical labels, or named people. No faux archive border, scratches, dust, sepia, horror, neon, glossy concept art, or disaster-movie treatment. Use physically plausible concrete, steel, cranes, roads, transmission equipment, weather, clothing, and construction methods for the stated period. Keep the lower 15 percent and lower center quiet and low-detail for subtitles; keep faces, essential machinery, maps, and key action above it. No on-image title text. Production metadata and the edit must label the generated layer AI RECONSTRUCTION for its complete on-screen duration.",COST PREFLIGHT PASS — NOT GENERATED
SAT-GEN055,SAT-B086,00:15:26.368,00:15:35.248,8.88,AI_RECONSTRUCTION,R01+R03,gpt_image_2_5,flare,low,1k,16:9,1,0.25,AI RECONSTRUCTION,"restrained interior-to-exterior composition. Show Project Three as substantially built from the outside yet visibly incomplete: cooling tower, major buildings, open construction areas, unfinished connections, and no operational signs. The exact narration beat is: Project Three was terminated in June. Not because seventy-four percent had disappeared. Because seventy-four percent described the past. Interpret the beat literally and economically; one dominant visual idea, one secondary layer at most, and a composition materially different from neighboring beats. Hidden Industrial America visual canon. Cinematic 16:9 industrial documentary AI reconstruction, historically grounded and serious, naturalistic western Washington light, restrained charcoal / iron / warm-paper / faded-rust / blueprint-gray-blue grade. The Satsop nuclear projects were never fueled and never operated: no active reactor, no nuclear glow, no steam plume implying operation, no radioactive-hazard spectacle, no completed control room, and no finished plant passed off as real history. Preserve Project Three versus Project Five identity from supplied references. Do not invent readable logos, dates, signs, gauges, documents, technical labels, or named people. No faux archive border, scratches, dust, sepia, horror, neon, glossy concept art, or disaster-movie treatment. Use physically plausible concrete, steel, cranes, roads, transmission equipment, weather, clothing, and construction methods for the stated period. Keep the lower 15 percent and lower center quiet and low-detail for subtitles; keep faces, essential machinery, maps, and key action above it. No on-image title text. Production metadata and the edit must label the generated layer AI RECONSTRUCTION for its complete on-screen duration.",COST PREFLIGHT PASS — NOT GENERATED
SAT-GEN056,SAT-B087,00:15:35.248,00:15:43.608,8.36,AI_RECONSTRUCTION,R01,gpt_image_2_5,flare,low,1k,16:9,1,0.25,AI RECONSTRUCTION,"asymmetrical wide composition with negative space. Stage a restrained institutional decision environment with the unfinished site visible through photographs or windows, keeping all documents unreadable so verified source excerpts can be composited separately. The exact narration beat is: The decision had to describe the future. A megaproject does not end on a single date. Interpret the beat literally and economically; one dominant visual idea, one secondary layer at most, and a composition materially different from neighboring beats. Hidden Industrial America visual canon. Cinematic 16:9 industrial documentary AI reconstruction, historically grounded and serious, naturalistic western Washington light, restrained charcoal / iron / warm-paper / faded-rust / blueprint-gray-blue grade. The Satsop nuclear projects were never fueled and never operated: no active reactor, no nuclear glow, no steam plume implying operation, no radioactive-hazard spectacle, no completed control room, and no finished plant passed off as real history. Preserve Project Three versus Project Five identity from supplied references. Do not invent readable logos, dates, signs, gauges, documents, technical labels, or named people. No faux archive border, scratches, dust, sepia, horror, neon, glossy concept art, or disaster-movie treatment. Use physically plausible concrete, steel, cranes, roads, transmission equipment, weather, clothing, and construction methods for the stated period. Keep the lower 15 percent and lower center quiet and low-detail for subtitles; keep faces, essential machinery, maps, and key action above it. No on-image title text. Production metadata and the edit must label the generated layer AI RECONSTRUCTION for its complete on-screen duration.",COST PREFLIGHT PASS — NOT GENERATED
SAT-GEN057,SAT-B088,00:15:43.608,00:15:54.888,11.28,AI_RECONSTRUCTION,R01+R03,gpt_image_2_5,flare,low,1k,16:9,1,0.25,AI RECONSTRUCTION,"wide elevated establishing composition. Separate Project Three and Project Five spatially and narratively: two neighboring unfinished construction zones with visibly different completion states, never one completed twin-unit station. The exact narration beat is: Project Five was terminated in 1982. The Project Four and Five bonds defaulted in 1983. Project Three construction stopped in 1983. Interpret the beat literally and economically; one dominant visual idea, one secondary layer at most, and a composition materially different from neighboring beats. Hidden Industrial America visual canon. Cinematic 16:9 industrial documentary AI reconstruction, historically grounded and serious, naturalistic western Washington light, restrained charcoal / iron / warm-paper / faded-rust / blueprint-gray-blue grade. The Satsop nuclear projects were never fueled and never operated: no active reactor, no nuclear glow, no steam plume implying operation, no radioactive-hazard spectacle, no completed control room, and no finished plant passed off as real history. Preserve Project Three versus Project Five identity from supplied references. Do not invent readable logos, dates, signs, gauges, documents, technical labels, or named people. No faux archive border, scratches, dust, sepia, horror, neon, glossy concept art, or disaster-movie treatment. Use physically plausible concrete, steel, cranes, roads, transmission equipment, weather, clothing, and construction methods for the stated period. Keep the lower 15 percent and lower center quiet and low-detail for subtitles; keep faces, essential machinery, maps, and key action above it. No on-image title text. Production metadata and the edit must label the generated layer AI RECONSTRUCTION for its complete on-screen duration.",COST PREFLIGHT PASS — NOT GENERATED
SAT-GEN058,SAT-B090,00:16:05.468,00:16:16.488,11.02,AI_RECONSTRUCTION,R01+R03,gpt_image_2_5,flare,low,1k,16:9,1,0.25,AI RECONSTRUCTION,"ground-level three-quarter composition with strong human scale. Show a specific Satsop construction operation with period cranes, rebar cages, formwork, concrete pours, and a small crew for scale; the plant remains incomplete and the equipment follows 1970s–early-1980s practice. The exact narration beat is: Property, remediation, and debt moved on different schedules. The permit clock asked whether nuclear construction could legally continue. Interpret the beat literally and economically; one dominant visual idea, one secondary layer at most, and a composition materially different from neighboring beats. Hidden Industrial America visual canon. Cinematic 16:9 industrial documentary AI reconstruction, historically grounded and serious, naturalistic western Washington light, restrained charcoal / iron / warm-paper / faded-rust / blueprint-gray-blue grade. The Satsop nuclear projects were never fueled and never operated: no active reactor, no nuclear glow, no steam plume implying operation, no radioactive-hazard spectacle, no completed control room, and no finished plant passed off as real history. Preserve Project Three versus Project Five identity from supplied references. Do not invent readable logos, dates, signs, gauges, documents, technical labels, or named people. No faux archive border, scratches, dust, sepia, horror, neon, glossy concept art, or disaster-movie treatment. Use physically plausible concrete, steel, cranes, roads, transmission equipment, weather, clothing, and construction methods for the stated period. Keep the lower 15 percent and lower center quiet and low-detail for subtitles; keep faces, essential machinery, maps, and key action above it. No on-image title text. Production metadata and the edit must label the generated layer AI RECONSTRUCTION for its complete on-screen duration.",COST PREFLIGHT PASS — NOT GENERATED
SAT-GEN059,SAT-B091,00:16:16.488,00:16:26.208,9.72,AI_RECONSTRUCTION,R01,gpt_image_2_5,flare,low,1k,16:9,1,0.25,AI RECONSTRUCTION,"medium-wide lateral composition with layered foreground machinery. Isolate one reusable infrastructure element—heavy road, turbine building, tunnel, or electrical connection—in an active industrial composition that explains value beyond the abandoned reactor plan. The exact narration beat is: The property clock asked who would own and maintain the buildings. The debt clock followed financing agreements created years earlier. Interpret the beat literally and economically; one dominant visual idea, one secondary layer at most, and a composition materially different from neighboring beats. Hidden Industrial America visual canon. Cinematic 16:9 industrial documentary AI reconstruction, historically grounded and serious, naturalistic western Washington light, restrained charcoal / iron / warm-paper / faded-rust / blueprint-gray-blue grade. The Satsop nuclear projects were never fueled and never operated: no active reactor, no nuclear glow, no steam plume implying operation, no radioactive-hazard spectacle, no completed control room, and no finished plant passed off as real history. Preserve Project Three versus Project Five identity from supplied references. Do not invent readable logos, dates, signs, gauges, documents, technical labels, or named people. No faux archive border, scratches, dust, sepia, horror, neon, glossy concept art, or disaster-movie treatment. Use physically plausible concrete, steel, cranes, roads, transmission equipment, weather, clothing, and construction methods for the stated period. Keep the lower 15 percent and lower center quiet and low-detail for subtitles; keep faces, essential machinery, maps, and key action above it. No on-image title text. Production metadata and the edit must label the generated layer AI RECONSTRUCTION for its complete on-screen duration.",COST PREFLIGHT PASS — NOT GENERATED
SAT-GEN060,SAT-B093,00:16:34.328,00:16:43.288,8.96,AI_RECONSTRUCTION_MAP,R01+R02+R05,gpt_image_2_5,flare,low,1k,16:9,1,0.25,AI RECONSTRUCTION,"long-lens compressed industrial composition. Create a clean generated aerial/site context of Satsop with forests, roads, towers, and unfinished plant zones; factual unit boundaries and labels will be supplied only by the authenticated vector overlay. The exact narration beat is: Energy Northwest — the later name of the Supply System — still carried Project Three debt-related budgeting decades after termination. Interpret the beat literally and economically; one dominant visual idea, one secondary layer at most, and a composition materially different from neighboring beats. Hidden Industrial America visual canon. Cinematic 16:9 industrial documentary AI reconstruction, historically grounded and serious, naturalistic western Washington light, restrained charcoal / iron / warm-paper / faded-rust / blueprint-gray-blue grade. The Satsop nuclear projects were never fueled and never operated: no active reactor, no nuclear glow, no steam plume implying operation, no radioactive-hazard spectacle, no completed control room, and no finished plant passed off as real history. Preserve Project Three versus Project Five identity from supplied references. Do not invent readable logos, dates, signs, gauges, documents, technical labels, or named people. No faux archive border, scratches, dust, sepia, horror, neon, glossy concept art, or disaster-movie treatment. Use physically plausible concrete, steel, cranes, roads, transmission equipment, weather, clothing, and construction methods for the stated period. Keep the lower 15 percent and lower center quiet and low-detail for subtitles; keep faces, essential machinery, maps, and key action above it. No on-image title text. Production metadata and the edit must label the generated layer AI RECONSTRUCTION for its complete on-screen duration.",COST PREFLIGHT PASS — NOT GENERATED
SAT-GEN061,SAT-B094,00:16:43.288,00:16:54.088,10.8,AI_RECONSTRUCTION,R01+R03,gpt_image_2_5,flare,low,1k,16:9,1,0.25,AI RECONSTRUCTION,"high oblique site composition. Show a specific Satsop construction operation with period cranes, rebar cages, formwork, concrete pours, and a small crew for scale; the plant remains incomplete and the equipment follows 1970s–early-1980s practice. The exact narration beat is: Its fiscal-year twenty twenty-one budget covered financing obligations and debt administration, not new construction or plant operation. Interpret the beat literally and economically; one dominant visual idea, one secondary layer at most, and a composition materially different from neighboring beats. Hidden Industrial America visual canon. Cinematic 16:9 industrial documentary AI reconstruction, historically grounded and serious, naturalistic western Washington light, restrained charcoal / iron / warm-paper / faded-rust / blueprint-gray-blue grade. The Satsop nuclear projects were never fueled and never operated: no active reactor, no nuclear glow, no steam plume implying operation, no radioactive-hazard spectacle, no completed control room, and no finished plant passed off as real history. Preserve Project Three versus Project Five identity from supplied references. Do not invent readable logos, dates, signs, gauges, documents, technical labels, or named people. No faux archive border, scratches, dust, sepia, horror, neon, glossy concept art, or disaster-movie treatment. Use physically plausible concrete, steel, cranes, roads, transmission equipment, weather, clothing, and construction methods for the stated period. Keep the lower 15 percent and lower center quiet and low-detail for subtitles; keep faces, essential machinery, maps, and key action above it. No on-image title text. Production metadata and the edit must label the generated layer AI RECONSTRUCTION for its complete on-screen duration.",COST PREFLIGHT PASS — NOT GENERATED
SAT-GEN062,SAT-B095,00:16:54.088,00:17:02.048,7.96,AI_RECONSTRUCTION,R01+R03,gpt_image_2_5,flare,low,1k,16:9,1,0.25,AI RECONSTRUCTION,"low architectural composition emphasizing concrete mass. Use a physical institutional scene rather than fake paperwork: period utility boardroom, bond/contract folders without readable text, regional power map, and participants connected through restrained editorial lines added later. The exact narration beat is: Concrete is visible. Contracts are not. Both can survive the moment work stops. Interpret the beat literally and economically; one dominant visual idea, one secondary layer at most, and a composition materially different from neighboring beats. Hidden Industrial America visual canon. Cinematic 16:9 industrial documentary AI reconstruction, historically grounded and serious, naturalistic western Washington light, restrained charcoal / iron / warm-paper / faded-rust / blueprint-gray-blue grade. The Satsop nuclear projects were never fueled and never operated: no active reactor, no nuclear glow, no steam plume implying operation, no radioactive-hazard spectacle, no completed control room, and no finished plant passed off as real history. Preserve Project Three versus Project Five identity from supplied references. Do not invent readable logos, dates, signs, gauges, documents, technical labels, or named people. No faux archive border, scratches, dust, sepia, horror, neon, glossy concept art, or disaster-movie treatment. Use physically plausible concrete, steel, cranes, roads, transmission equipment, weather, clothing, and construction methods for the stated period. Keep the lower 15 percent and lower center quiet and low-detail for subtitles; keep faces, essential machinery, maps, and key action above it. No on-image title text. Production metadata and the edit must label the generated layer AI RECONSTRUCTION for its complete on-screen duration.",COST PREFLIGHT PASS — NOT GENERATED
SAT-GEN063,SAT-B096,00:17:02.048,00:17:12.248,10.2,AI_RECONSTRUCTION,R01+R07,gpt_image_2_5,flare,low,1k,16:9,1,0.25,AI RECONSTRUCTION,"restrained interior-to-exterior composition. Show credible adaptive reuse of the former nuclear-site infrastructure: active industrial building, maintained roads, training activity, and reused heavy spaces, without portraying the whole site as abandoned. The exact narration beat is: In 1995, Grays Harbor County, the Port of Grays Harbor, and the local public utility district formed the Satsop Redevelopment Project. Interpret the beat literally and economically; one dominant visual idea, one secondary layer at most, and a composition materially different from neighboring beats. Hidden Industrial America visual canon. Cinematic 16:9 industrial documentary AI reconstruction, historically grounded and serious, naturalistic western Washington light, restrained charcoal / iron / warm-paper / faded-rust / blueprint-gray-blue grade. The Satsop nuclear projects were never fueled and never operated: no active reactor, no nuclear glow, no steam plume implying operation, no radioactive-hazard spectacle, no completed control room, and no finished plant passed off as real history. Preserve Project Three versus Project Five identity from supplied references. Do not invent readable logos, dates, signs, gauges, documents, technical labels, or named people. No faux archive border, scratches, dust, sepia, horror, neon, glossy concept art, or disaster-movie treatment. Use physically plausible concrete, steel, cranes, roads, transmission equipment, weather, clothing, and construction methods for the stated period. Keep the lower 15 percent and lower center quiet and low-detail for subtitles; keep faces, essential machinery, maps, and key action above it. No on-image title text. Production metadata and the edit must label the generated layer AI RECONSTRUCTION for its complete on-screen duration.",COST PREFLIGHT PASS — NOT GENERATED
SAT-GEN064,SAT-B098,00:17:19.568,00:17:31.679,12.111,AI_RECONSTRUCTION_MAP,R01+R02+R04,gpt_image_2_5,flare,low,1k,16:9,1,0.25,AI RECONSTRUCTION,"asymmetrical wide composition with negative space. Create a clean generated aerial/site context of Satsop with forests, roads, towers, and unfinished plant zones; factual unit boundaries and labels will be supplied only by the authenticated vector overlay. The exact narration beat is: The nuclear investment could not be recovered by pretending the reactor still made sense. But parts of the industrial site had value outside the original plan. Interpret the beat literally and economically; one dominant visual idea, one secondary layer at most, and a composition materially different from neighboring beats. Hidden Industrial America visual canon. Cinematic 16:9 industrial documentary AI reconstruction, historically grounded and serious, naturalistic western Washington light, restrained charcoal / iron / warm-paper / faded-rust / blueprint-gray-blue grade. The Satsop nuclear projects were never fueled and never operated: no active reactor, no nuclear glow, no steam plume implying operation, no radioactive-hazard spectacle, no completed control room, and no finished plant passed off as real history. Preserve Project Three versus Project Five identity from supplied references. Do not invent readable logos, dates, signs, gauges, documents, technical labels, or named people. No faux archive border, scratches, dust, sepia, horror, neon, glossy concept art, or disaster-movie treatment. Use physically plausible concrete, steel, cranes, roads, transmission equipment, weather, clothing, and construction methods for the stated period. Keep the lower 15 percent and lower center quiet and low-detail for subtitles; keep faces, essential machinery, maps, and key action above it. No on-image title text. Production metadata and the edit must label the generated layer AI RECONSTRUCTION for its complete on-screen duration.",COST PREFLIGHT PASS — NOT GENERATED
SAT-GEN065,SAT-B102,00:18:04.701,00:18:15.811,11.11,AI_RECONSTRUCTION_MAP,R01+R02+R04+R07,gpt_image_2_5,flare,low,1k,16:9,1,0.25,AI RECONSTRUCTION,"wide elevated establishing composition. Show credible adaptive reuse of the former nuclear-site infrastructure: active industrial building, maintained roads, training activity, and reused heavy spaces, without portraying the whole site as abandoned. The exact narration beat is: Today the site operates as a community-owned business park. The former turbine building offers roughly three hundred thousand square feet of industrial space. Interpret the beat literally and economically; one dominant visual idea, one secondary layer at most, and a composition materially different from neighboring beats. Hidden Industrial America visual canon. Cinematic 16:9 industrial documentary AI reconstruction, historically grounded and serious, naturalistic western Washington light, restrained charcoal / iron / warm-paper / faded-rust / blueprint-gray-blue grade. The Satsop nuclear projects were never fueled and never operated: no active reactor, no nuclear glow, no steam plume implying operation, no radioactive-hazard spectacle, no completed control room, and no finished plant passed off as real history. Preserve Project Three versus Project Five identity from supplied references. Do not invent readable logos, dates, signs, gauges, documents, technical labels, or named people. No faux archive border, scratches, dust, sepia, horror, neon, glossy concept art, or disaster-movie treatment. Use physically plausible concrete, steel, cranes, roads, transmission equipment, weather, clothing, and construction methods for the stated period. Keep the lower 15 percent and lower center quiet and low-detail for subtitles; keep faces, essential machinery, maps, and key action above it. No on-image title text. Production metadata and the edit must label the generated layer AI RECONSTRUCTION for its complete on-screen duration.",COST PREFLIGHT PASS — NOT GENERATED
SAT-GEN066,SAT-B103,00:18:15.811,00:18:24.691,8.88,AI_RECONSTRUCTION_GFX,R01+R04+R07,gpt_image_2_5,flare,low,1k,16:9,1,0.25,AI RECONSTRUCTION,"ground-level three-quarter composition with strong human scale. Show credible adaptive reuse of the former nuclear-site infrastructure: active industrial building, maintained roads, training activity, and reused heavy spaces, without portraying the whole site as abandoned. The exact narration beat is: Underground tunnels support confined-space training. Portions of the reactor building are used for rescue and other specialized exercises. Interpret the beat literally and economically; one dominant visual idea, one secondary layer at most, and a composition materially different from neighboring beats. Hidden Industrial America visual canon. Cinematic 16:9 industrial documentary AI reconstruction, historically grounded and serious, naturalistic western Washington light, restrained charcoal / iron / warm-paper / faded-rust / blueprint-gray-blue grade. The Satsop nuclear projects were never fueled and never operated: no active reactor, no nuclear glow, no steam plume implying operation, no radioactive-hazard spectacle, no completed control room, and no finished plant passed off as real history. Preserve Project Three versus Project Five identity from supplied references. Do not invent readable logos, dates, signs, gauges, documents, technical labels, or named people. No faux archive border, scratches, dust, sepia, horror, neon, glossy concept art, or disaster-movie treatment. Use physically plausible concrete, steel, cranes, roads, transmission equipment, weather, clothing, and construction methods for the stated period. Keep the lower 15 percent and lower center quiet and low-detail for subtitles; keep faces, essential machinery, maps, and key action above it. No on-image title text. Production metadata and the edit must label the generated layer AI RECONSTRUCTION for its complete on-screen duration.",COST PREFLIGHT PASS — NOT GENERATED
SAT-GEN067,SAT-B106,00:18:46.111,00:18:54.721,8.61,AI_RECONSTRUCTION_MAP,R01+R02+R07,gpt_image_2_5,flare,low,1k,16:9,1,0.25,AI RECONSTRUCTION,"medium-wide lateral composition with layered foreground machinery. Show credible adaptive reuse of the former nuclear-site infrastructure: active industrial building, maintained roads, training activity, and reused heavy spaces, without portraying the whole site as abandoned. The exact narration beat is: The business park is a working industrial site, not an abandoned playground. It answers a narrower question. Interpret the beat literally and economically; one dominant visual idea, one secondary layer at most, and a composition materially different from neighboring beats. Hidden Industrial America visual canon. Cinematic 16:9 industrial documentary AI reconstruction, historically grounded and serious, naturalistic western Washington light, restrained charcoal / iron / warm-paper / faded-rust / blueprint-gray-blue grade. The Satsop nuclear projects were never fueled and never operated: no active reactor, no nuclear glow, no steam plume implying operation, no radioactive-hazard spectacle, no completed control room, and no finished plant passed off as real history. Preserve Project Three versus Project Five identity from supplied references. Do not invent readable logos, dates, signs, gauges, documents, technical labels, or named people. No faux archive border, scratches, dust, sepia, horror, neon, glossy concept art, or disaster-movie treatment. Use physically plausible concrete, steel, cranes, roads, transmission equipment, weather, clothing, and construction methods for the stated period. Keep the lower 15 percent and lower center quiet and low-detail for subtitles; keep faces, essential machinery, maps, and key action above it. No on-image title text. Production metadata and the edit must label the generated layer AI RECONSTRUCTION for its complete on-screen duration.",COST PREFLIGHT PASS — NOT GENERATED
SAT-GEN068,SAT-B107,00:18:54.721,00:19:03.501,8.78,AI_RECONSTRUCTION_MAP,R01+R02,gpt_image_2_5,flare,low,1k,16:9,1,0.25,AI RECONSTRUCTION,"long-lens compressed industrial composition. Create a clean generated aerial/site context of Satsop with forests, roads, towers, and unfinished plant zones; factual unit boundaries and labels will be supplied only by the authenticated vector overlay. The exact narration beat is: After the original future disappears, can the infrastructure do anything useful next? At Satsop, some of it could. Interpret the beat literally and economically; one dominant visual idea, one secondary layer at most, and a composition materially different from neighboring beats. Hidden Industrial America visual canon. Cinematic 16:9 industrial documentary AI reconstruction, historically grounded and serious, naturalistic western Washington light, restrained charcoal / iron / warm-paper / faded-rust / blueprint-gray-blue grade. The Satsop nuclear projects were never fueled and never operated: no active reactor, no nuclear glow, no steam plume implying operation, no radioactive-hazard spectacle, no completed control room, and no finished plant passed off as real history. Preserve Project Three versus Project Five identity from supplied references. Do not invent readable logos, dates, signs, gauges, documents, technical labels, or named people. No faux archive border, scratches, dust, sepia, horror, neon, glossy concept art, or disaster-movie treatment. Use physically plausible concrete, steel, cranes, roads, transmission equipment, weather, clothing, and construction methods for the stated period. Keep the lower 15 percent and lower center quiet and low-detail for subtitles; keep faces, essential machinery, maps, and key action above it. No on-image title text. Production metadata and the edit must label the generated layer AI RECONSTRUCTION for its complete on-screen duration.",COST PREFLIGHT PASS — NOT GENERATED
